64 0.004
0.0 0.35597881128974557
0.2605438631381318 0.3481575274532928
0.488257914551653 0.3335510595901965
0.6631440894370897 0.32429878530111594
0.7461136278932194 0.3223052562336403
0.8804116170259348 0.3241632231695295
0.980961940749765 0.33025304262216926
1.0382103911482332 0.33503239520319805
1.0614233585597717 0.3371691360228052
1.0984158632110237 0.34081162307172613
1.1344380879858846 0.3446800836346825
1.1564421317625593 0.34711665878925174
1.2019165617901564 0.351784579170145
1.2598812117092777 0.3576834001929485
1.3231052600513493 0.36598779457809627
1.361071106937004 0.37195387103768396
1.4361775289930137 0.38503280528552497
1.5058385021466378 0.3973056095295158
1.5789509891717302 0.4084349071499575
1.6201368831970484 0.4139830842477098
1.665144093684539 0.41952888452025733
1.6962314677434556 0.42295030655360055
1.7784399499007648 0.42998101498448127
1.918866558856962 0.43527235730507957
2.0851558634998852 0.4289032853895063
2.1806970794880414 0.4186774232940827
2.35407181359691 0.38963945686112417
2.5099169566879027 0.35603488488068036
2.6979097354043517 0.3140626527307573
2.7995068472054996 0.29431161174579873
2.897532022945569 0.27902104799716193
2.958086286183338 0.27186134757629327
3.0947071216292414 0.26292034789088314
3.252225915184745 0.26580143677911644
3.3721846026465414 0.2772673174525423
3.4280542470353836 0.28511532712444787
3.5259066935043535 0.30211034384882923
3.630852329650203 0.3238396931561952
3.6979120895269686 0.33885708528433445
3.835162757999008 0.3698935479180508
4.002805603239224 0.4034056074796558
4.175820588455373 0.42694235147148124
4.27030182088393 0.43347449697386214
4.429853892388088 0.4339039273851907
4.545824594173965 0.4268303735891485
4.638111301900246 0.41714533026449924
4.680753655359119 0.4116440198492312
4.721859733140221 0.4059110862825867
4.747258480876813 0.40213268855539464
4.804141740104043 0.3927036523312053
4.879997198557668 0.37914839665443434
4.951452584347223 0.36728629747198355
4.987599098826664 0.36210742704919757
5.049023835665764 0.35492513276995136
5.102005184279129 0.34973559243185415
5.164101993923772 0.34301634929166014
5.200210864720901 0.3392426060665052
5.239201340126918 0.33554980992820743
5.266133510150109 0.33320118979876806
5.338298740177272 0.3276427447251252
5.457908078425618 0.32254460950497477
5.600031603527405 0.3236343678311155
5.689332048364065 0.32734144729870057
5.885352610562471 0.3395634343300775
6.130547077796933 0.3531549371953022
6.283185307179586 0.35597881128974557
