65.0 3.6430690936048755
0.0 0.35662488783383417
3.694620328185224 0.33951487344092796
1.1443855788165829 0.3500816397627463
4.703216808961395 0.4123450771746378
1.6299301997278963 0.4187549829039078
5.1847611735641195 0.34482332606634986
2.7265454316771667 0.3095754597164526
0.31955691409271836 0.34527090426673684
3.870584153899287 0.37846817371555996
1.2072472934494556 0.3549226204688593
4.792360251988093 0.3967575598832087
1.7518456559194888 0.42933745067554546
5.306538521498197 0.33141054721399205
3.0294061721631493 0.2666906376796504
0.8193005485955638 0.323259618502584
4.352569548359149 0.43598156375597286
1.3943192909592312 0.37905466011746713
5.0054233878561405 0.36155718898393463
2.218403502725195 0.4140409846122426
5.72464322001683 0.32985925516015674
3.444117348737798 0.28875931103880964
1.0595301208703063 0.33982940360645525
4.6167885246809135 0.4221514471572696
1.5509432176936073 0.4073400791420246
5.118976957057875 0.3513959609021166
2.534743140803272 0.35151217474859203
6.172884249074457 0.3550601363065033
3.645846622763308 0.32847817621480235
1.1289923110296058 0.3480984809652145
4.687715380623743 0.4142438984366749
1.6142167995470302 0.416655364204454
5.171405449631301 0.3461358317908477
2.6889787322846104 0.3172755681825411
0.23175578840700695 0.3502524396730864
3.815274482853546 0.3664430541022257
1.187926520462625 0.3532462117824254
4.765749305078089 0.4014770534702392
1.7121413350204264 0.4262003476569186
5.269154634237658 0.3348361725663648
2.951603145544439 0.27341439654956456
0.7331143794617034 0.3231700992768787
4.2515418700856955 0.4331528438782243
1.3500006249730063 0.3715958907281699
4.966900655650477 0.3665193751516154
2.1160270469354217 0.4266942632793834
5.6251349314218615 0.32512426631103436
3.3853404360676365 0.2799574132210684
1.0368856680550422 0.33720248128277897
4.594593772826009 0.42413283802047363
1.5343957712996996 0.40441820750034
5.107627694191109 0.3521952681553045
2.503411569807959 0.358517697774975
6.113850937971456 0.35307368451174
3.6207027099508053 0.32292030556465773
1.1209597985484194 0.3470662753642778
4.67971900574161 0.4151841438112758
1.6064619895447834 0.41556987147252744
5.1649722432459555 0.3467539426971987
2.67070934841653 0.32113999646602487
0.18875019876627164 0.35226828847048547
3.7905366307299033 0.3609238896135405
1.1793684619628877 0.3524949394639112
4.75416484533158 0.4034759342697035
1.6959786158808186 0.4247844184110864
5.253606623265313 0.3364117755863199
