65.0 3.6499335957005425
0.0 0.35662488783383417
3.6944001054713698 0.3366128174035261
1.219895082429928 0.32461913818652394
5.051161723455975 0.32576966831272186
2.565077058549358 0.3388996393407928
6.257965515621471 0.3537968412662878
3.6969203957526275 0.3309119241982868
1.2587067102283314 0.3166496700501943
5.1741773614648 0.3024705800599571
2.893043286544298 0.2966207186084011
0.4692052794707777 0.3556103828232363
3.9293321962160377 0.4120786245116161
1.0295753141083708 0.4085508361482386
4.247212549324786 0.47650274407097337
1.0097763955712438 0.47736780613604185
3.904731586346621 0.5388044114427322
0.3940602480010966 0.5667154923006997
3.048165781505311 0.5606710323746877
5.719515506171945 0.5483032894331789
2.262393983063305 0.5273074790302942
5.224854058779428 0.4636484210317193
2.0408839629675057 0.46508968613957036
5.317403449529273 0.3934128854305097
2.5229899909975586 0.3912022528109399
6.000722799534827 0.36943091363816627
3.4732924314655733 0.3144382412407956
1.0965429375072517 0.3173959179317383
4.896706817281839 0.34449268913064374
2.2588504027297844 0.36364433958222026
5.98554754883876 0.3123682902619741
3.773467771308674 0.2671349222535646
1.7469534856537976 0.23677737810382177
0.08093188083907421 0.18356392505673125
4.604731331913456 0.25483245418653194
2.465063233240251 0.28412800747667466
0.1811230963918149 0.3151884454630371
3.9566346077242542 0.3457616470783997
1.4285144767175737 0.32392514635374275
5.401369191494162 0.27442460636954635
3.4293402781943456 0.22752263283466442
1.659704060207467 0.20124015180859436
0.2324449834237896 0.1604206888594343
4.8657132900488875 0.23490013287811742
2.92780586693889 0.24734665122175328
0.8334020835264511 0.29406876914764435
4.644663140774597 0.3620601985291023
1.9029799413124167 0.3702180671307988
5.70737119834444 0.2846187204443157
3.7259635474492256 0.22580098212477204
1.9753144005189895 0.1976091563668078
0.4167824630530248 0.20421746342550987
4.727358243285764 0.28540345710398174
2.408961938818173 0.3119707836664374
0.015314585915177759 0.3171075083366702
3.8852300945919183 0.3173207315668284
1.53318565504933 0.2914289760539379
5.793696951938934 0.2124990253967527
4.225746663240997 0.19087007373054918
2.537548432322204 0.21570634503159705
0.6239519845168502 0.274253893077878
4.495949432199808 0.3584737645845617
1.7911312397341774 0.3586069679330178
5.662728582769638 0.27422203130283024
3.7493377706732502 0.21575590618478926
2.0600189822868273 0.19114409002078103
