101.0 3.6430690936048755 0.004
0.0 0.35597881128974557
3.6979120895269624 0.3388570852843427
7.439627438942091 0.3471166587892765
11.030443788055829 0.4021326885554893
14.262602082102061 0.4229503065535571
17.83250412450851 0.33320118979887575
21.807642207720182 0.2718613475765084
25.878854856608477 0.32230525623366635
29.40304304959871 0.43347449697370205
32.77699764283406 0.3719538710373651
36.40352563472549 0.36210742704889054
39.87980892256944 0.4186774232935322
43.388443891444865 0.3273414472988646
47.41035139729368 0.28511532712474025
51.32690581599702 0.3371691360229836
54.90359375933484 0.4171453302649216
58.12761875378595 0.4084349071497113
61.712769758537746 0.3430163492920333
65.52976280719271 0.3140626527324017
69.37558224209648 0.34815752745437484
72.95020113696324 0.3698935479156749
76.60014024794044 0.3517845791699636
80.20236542624984 0.39270365233316823
83.45984894321953 0.4299810149836163
87.01970773349791 0.3276427447260743
91.05930142211983 0.26292034789153385
95.12819122470243 0.32416322316876367
98.6776335000612 0.4339039273859054
101.96714244385883 0.3850328052832693
105.57998875053889 0.35492513276880605
109.16822203565985 0.3896394568588921
112.69950283262945 0.33956343433081443
116.62324222274373 0.3021103438498151
120.47893669962902 0.34081162307117957
124.06127449178389 0.41164401984663695
127.2838430268044 0.41398308424883995
130.8639170083344 0.33924260606335005
134.74639829803877 0.2943116117340069
138.7183346726341 0.33355105958124354
142.23288236130804 0.4034056074998238
145.77314327688254 0.3576834001970402
149.39325926374872 0.37914839664311273
152.71531393129789 0.43527235730545455
156.25435545084818 0.3225446095025516
160.33185859479852 0.265801436786599
164.34377992748375 0.330253042626874
167.90864258091358 0.42683037358253895
171.15184179604395 0.39730560953748106
174.74800847816533 0.34973559242799096
178.43910555782898 0.356034884855017
182.059735679036 0.3531549372028227
185.84322623795148 0.3238396931756923
189.62999730341127 0.3446800836361068
193.21741894859107 0.405911086271164
196.44388861633684 0.4195288845292026
200.01794586277222 0.3355498099202749
203.959461852884 0.27902104797127036
208.00825922664987 0.32429878529021045
211.5209357257003 0.42694235150081283
214.95140570428634 0.3659877945947487
218.57975302859992 0.36728629744713653
221.9966416151733 0.42890328535660815
225.51151735516677 0.3236343678406873
229.56685566136287 0.2772673174825312
233.51606675692202 0.3350323952089334
237.08922991769765 0.42029285119857124
240.31672566382957 0.40508820510208415
243.90487139972925 0.3452222872571983
247.68170637405984 0.3271142284896989
251.4452877091035 0.3542766582041608
255.08245988735493 0.35188945713973896
258.7857554056535 0.3491170538949646
262.3804196292075 0.3985507434292671
265.6203750317028 0.42588675384392694
269.18652328567606 0.33100156922193397
273.189674849543 0.2670477431864026
277.26741802300324 0.3222835600643608
280.802953136417 0.43526526187864584
284.1364069798081 0.3773788288003596
287.7584032361523 0.358641620110576
291.28355696367333 0.407360439856806
294.795234835172 0.33188591301776066
298.7803490550179 0.2920414309572676
302.6709399264895 0.33876037603369086
306.25023413545495 0.414724806829674
309.47297746059604 0.4109019075083928
313.0559721202836 0.3413255401199299
316.90278250006156 0.3047875347765366
320.80926556747244 0.34162638804744
324.3485823009682 0.3850026957034261
327.9518464334781 0.3541319277981123
331.5621191341841 0.3869282464268247
334.8427041983841 0.433116602394304
338.3950383392306 0.32489633236968457
342.45861666548086 0.2624668704608308
346.50643815434677 0.32677029135160063
350.06428111936907 0.43099710531329605
353.32789581774887 0.3910187306734202
356.9324620450033 0.3524756070134419
360.56845275186504 0.37450051792289357
364.130758326326 0.3462297754499595
