1001.0 3.643074351
0.0 0.35597881128974557
3.6979120895269686 0.33885708528433445
1.1564421317625593 0.34711665878925174
4.747258480876813 0.40213268855539464
1.6962314677434556 0.42295030655360055
5.266133510150109 0.33320118979876806
2.958086286183338 0.27186134757629327
0.7461136278932194 0.3223052562336403
4.27030182088393 0.43347449697386214
1.361071106937004 0.37195387103768396
4.987599098826664 0.36210742704919757
2.1806970794880414 0.4186774232940827
5.689332048364065 0.32734144729870057
3.4280542470353836 0.28511532712444787
1.0614233585597717 0.3371691360228052
4.638111301900246 0.41714533026449924
1.5789509891717302 0.4084349071499575
5.164101993923772 0.34301634929166014
2.6979097354043517 0.3140626527307573
0.2605438631381318 0.3481575274532928
3.835162757999008 0.3698935479180508
1.2019165617901564 0.351784579170145
4.804141740104043 0.3927036523312053
1.7784399499007648 0.42998101498448127
5.338298740177272 0.3276427447251252
3.0947071216292414 0.26292034789088314
0.8804116170259348 0.3241632231695295
4.429853892388088 0.4339039273851907
1.4361775289930137 0.38503280528552497
5.049023835665764 0.35492513276995136
2.35407181359691 0.38963945686112417
5.885352610562471 0.3395634343300775
3.5259066935043535 0.30211034384882923
1.0984158632110237 0.34081162307172613
4.680753655359119 0.4116440198492312
1.6201368831970484 0.4139830842477098
5.200210864720901 0.3392426060665052
2.7995068472054996 0.29431161174579873
0.488257914551653 0.3335510595901965
4.002805603239224 0.4034056074796558
1.2598812117092777 0.3576834001929485
4.879997198557668 0.37914839665443434
1.918866558856962 0.43527235730507957
5.457908078425618 0.32254460950497477
3.252225915184745 0.26580143677911644
0.980961940749765 0.33025304262216926
4.545824594173965 0.4268303735891485
1.5058385021466378 0.3973056095295158
5.102005184279129 0.34973559243185415
2.5099169566879027 0.35603488488068036
6.130547077796933 0.3531549371953022
3.630852329650203 0.3238396931561952
1.1344380879858846 0.3446800836346825
4.721859733140221 0.4059110862825867
1.665144093684539 0.41952888452025733
5.239201340126918 0.33554980992820743
2.897532022945569 0.27902104799716193
0.6631440894370897 0.32429878530111594
4.175820588455373 0.42694235147148124
1.3231052600513493 0.36598779457809627
4.951452584347223 0.36728629747198355
2.0851558634998852 0.4289032853895063
5.600031603527405 0.3236343678311155
3.3721846026465414 0.2772673174525423
1.0382103911482332 0.33503239520319805
4.611373551867821 0.420292851224489
1.5556839908350781 0.40508820508289023
5.143829726715907 0.3452222872845001
2.6374793934346528 0.327114228629759
0.11787542046064914 0.3542766582465498
3.755047599421772 0.3518894569697215
1.1751578110345022 0.3491170538713313
4.7698220345005 0.39855074348703323
1.7265921296625066 0.4258867537992102
5.292740383696142 0.331001569256674
3.0127066399674547 0.2670477432488628
0.807264506238738 0.3222835600548228
4.342799619483827 0.4352652618723717
1.3930681562516227 0.3773788287174485
5.015064412682541 0.3586416201562124
2.257032832318586 0.40736044003698474
5.768710703712188 0.33188591294302444
3.4706396169787794 0.2920414308532861
1.078045181653124 0.3387603760092638
4.657339390617892 0.4147248068549564
1.5968974085979895 0.41090190748126615
5.179892068301491 0.34132554013912825
2.7435171405657144 0.3047875348782884
0.366814900129377 0.34162638812480056
3.9061316339606194 0.3850026955280878
1.2262104598553663 0.35413192776747476
4.836483160491497 0.38692824648823704
1.8338829172360605 0.43311660236453525
5.386217058179689 0.32489633239328664
3.166610077059019 0.2624668704486415
0.9312462590148911 0.3267702913211206
4.489089223975007 0.43099710534246805
1.469518615382242 0.3910187306165711
5.074084842712068 0.3524756070346565
2.4268902419464453 0.3745005180687394
5.9891958160410255 0.34622977538560407
3.5710963432606064 0.3111183299673288
1.1142242033674208 0.3424942367728384
4.69868916462422 0.40920901287371914
1.6390050580432955 0.4163963588310011
5.216500043943512 0.3376690390463689
2.841868494421142 0.28718992117163133
0.5701785283296061 0.3286000593703768
4.078833751181136 0.4154507359668094
1.2869703444412934 0.3609759456654885
4.912364773700368 0.37357577208997855
1.990074788097786 0.4343372101504177
5.517695082611567 0.32215339028727263
3.308885857287102 0.2702659895069716
1.0094039204999063 0.3325567069252429
4.578188548135145 0.423840991425037
1.5291929275440381 0.40108866174510516
5.12105034906255 0.3477372945910486
2.5678343908330987 0.3428290435085762
6.24582789804569 0.35580541428304335
3.680965858837176 0.33501474473514353
1.1509127935658938 0.34650630263246796
4.740807840703653 0.40311364402668237
1.6880566916591633 0.42208833292311954
5.259031377327254 0.3338071914983495
2.942656108754136 0.27350733108035363
0.726620154258093 0.32258500767005577
4.247588090585431 0.43233873907734166
1.3516147132380212 0.37041154876457144
4.979007744957883 0.36327543728639927
2.15742154191377 0.4215913947769342
5.666723103645943 0.32623487517579747
3.4148566245615655 0.283128384781322
1.0561033570247744 0.3366677576544824
4.6319899386296655 0.4178866343677726
1.5734650294908619 0.40765858642283187
5.159314683874001 0.34353178171915627
2.68382804070702 0.31703517451057567
0.22716627598191508 0.3499218864064696
3.8150556345106565 0.36544251011708767
1.1951292525618342 0.3511256032954767
4.795236222700488 0.39425888368179735
1.7643052531469294 0.42897639950347377
5.325921771974734 0.3284916769880257
3.073826794333449 0.26360956501505495
0.8635588446049098 0.32353468585143746
4.4099240179250785 0.4345342533305081
1.4257653262948295 0.38316206076497433
5.041061595420963 0.35574433689560914
2.3311485719416254 0.3941129326528677
5.855839909597293 0.3375823753606825
3.5125163816570293 0.2995668388354495
1.093602060979208 0.3403124156757583
4.675267936621879 0.4123741545437917
1.6145633381176268 0.41325234711976433
5.1953792959106195 0.33972344800836846
2.786521487362066 0.2966390257662433
0.46130805787674234 0.3353150892476702
3.97975407781302 0.3992979897819703
1.2517949894364335 0.35677977521407594
4.869839137306684 0.3809447569972445
1.8979395356850048 0.43505821193742833
5.440375341525915 0.3229233945571092
3.2333269571072805 0.26470713870899715
0.9707764849839791 0.32947563529150026
4.5342561676126465 0.4277891140397146
1.4980013961493341 0.39598498566791496
5.095834909876771 0.3503573889027904
2.4913566923096155 0.36023475680036504
6.09656230597907 0.3518123579338614
3.6164555342865725 0.3207041341943303
1.1296319781225108 0.34415527652380645
4.716339086751354 0.40671008110316353
1.6587331928404012 0.41878164269291396
5.23363639332436 0.3360581356840365
2.8842771394596483 0.2808345979668447
0.6425228439357937 0.3250913470878486
4.153390409546191 0.42470212866172713
1.3145414200289096 0.3647370041839626
4.942620291761237 0.3686532259825559
2.062849451523391 0.4306114332864197
5.5802861044456336 0.32308786190466365
3.358240325279361 0.2755480317988869
1.0321028002864665 0.3344949794666637
4.604310379571203 0.42108601180013405
1.5498200947200687 0.4042249652710505
5.138721209349221 0.34578956258892485
2.6219390981213735 0.33057707439194006
0.08198235747301652 0.35514873048926504
3.7369555385411743 0.34776115501538984
1.1692079872674839 0.34849397507906354
4.762513737898459 0.39973681502346436
1.7164456702928632 0.42495155978927057
5.283816984443 0.3317249603232509
2.9949471571997037 0.268436592464655
0.7886339834884453 0.3221456508009765
4.320577992706809 0.4350096822345621
1.3829361786946066 0.3756307442111571
5.006611902829675 0.35966415359334786
2.2332678918164035 0.4111588035881629
5.743030827723992 0.33032165624076454
3.4574200683656784 0.28981004006690186
1.0729698806800414 0.3382703166335279
4.6514537953091875 0.41547995607015115
1.5912873352674382 0.4101421006313996
5.174940616797912 0.34185316682426914
2.7293703263147435 0.307601880053215
0.334321297367012 0.3437349700031642
3.8832113778017288 0.38024251912904905
1.2183159466718863 0.3533623034652347
4.825959785009481 0.38882105357942554
1.8151304105230253 0.4322013178771207
5.37013185600712 0.32571705694243125
3.1439700607338565 0.2622878295635325
0.9163062173142578 0.3258957861588024
4.471829282747393 0.43199893552212215
1.4593916425075761 0.3892096722479269
5.066491726199793 0.35320563478082795
2.404698753104455 0.3792458173272105
5.95576836946627 0.3441730482742209
3.5567922222296815 0.3082017423116699
1.1092798130227948 0.3419639440708681
4.693071612653512 0.409981969531132
1.6329764230858714 0.4156382049847286
5.211289616300043 0.3381671879328305
2.8285380416786694 0.2893511341855163
0.5454234619585847 0.33001047220968155
4.054903812195043 0.41192532324796105
1.278356777525829 0.3598849610708215
4.902354493021704 0.3752707516351442
1.9673103316665745 0.4349227110968255
5.49850283680599 0.32213317097192173
3.291869649242571 0.2687417360989103
1.0011587603908865 0.33187205536747677
4.568778604919849 0.42475811779660133
1.5221672139755924 0.3999765599900672
5.115207989261023 0.3483635581982574
2.549982026512488 0.3469043288753492
6.208817266664745 0.35529484235892467
3.66457638299552 0.3313233964878848
1.1455551697209714 0.3459109443632971
4.734620137547374 0.4040389374693426
1.6804053927838538 0.4212554526389276
5.25240611298463 0.3343796406315226
2.92792758260277 0.2751931239381659
0.7069982906423746 0.32298868635566247
4.225011502477898 0.4309359811153175
1.3424395606819175 0.3689479126329678
4.97042844656189 0.36448125043336776
2.1345152190864383 0.4241978689072823
5.645060636329163 0.32527365884070436
3.401659680798936 0.2812217451570057
1.050690294573954 0.3361635143302086
4.6257653158126715 0.41862703934833445
1.5679890697696734 0.4068746593766099
5.154547762464567 0.3440472876539563
2.6696932616276 0.3200637895030808
0.1936416035785058 0.3515066425958645
3.7957615021465543 0.36112077016289035
1.1886629344786428 0.35048817473124266
4.786867066315708 0.39569838198457336
1.7514612936268676 0.42799144343860185
5.314636686606001 0.3293095523274968
3.0538959174387514 0.2644994323811265
0.846417392420939 0.323016886623737
4.389544952784071 0.4349877976273065
1.415474195449761 0.38132324551969554
5.033063106305249 0.3565972581786949
2.3082146643794133 0.39842171514293717
5.827612243333071 0.3356954045677454
3.4993781939750477 0.2971337117905012
1.0888062837968349 0.3398241281583102
4.6697721948652955 0.4131008621256221
1.6090594308054023 0.4125255589545345
5.19058212185864 0.3402099530205263
2.773422237369026 0.29905170425237576
0.43332341324469326 0.3371813089565313
3.9568099631076166 0.39502397037809356
1.2437856383996646 0.35591895110761423
4.8595732830463945 0.3827762920495337
1.8774691189318702 0.43464393092451953
5.4231723238777505 0.32341755776408526
3.213585624607667 0.26377942194299026
0.9596982941156114 0.32866472522736284
4.521654092163459 0.4287694973391801
1.4897334897353929 0.39456772649172456
5.089426862442799 0.3509913678134576
2.4722084844407703 0.36453264496318644
6.062981937673712 0.35026732268560334
3.6022917897713214 0.317660365192347
1.1248634868391605 0.3436389098664135
4.7108601241425845 0.4074960937468661
1.6524817365646314 0.4180407081527275
5.228200692463396 0.3365629904453851
2.871075779591834 0.2827247871313334
0.6210492037584956 0.3260228668891666
4.13056568026672 0.42215952052714434
1.3059653791853805 0.363523467714419
4.9335047855449545 0.37010018032769776
2.0403131547643127 0.4320682610549617
5.560641921779684 0.3226590175977311
3.3436528665844634 0.2738555460406841
1.02557146044537 0.3339290465606275
4.596763946024701 0.4219123772659145
1.5436878233064135 0.4033107888983376
5.13340337224497 0.3463808410567799
2.60568274422085 0.3342324080335023
0.04511023533798664 0.35572615750482556
3.7190400790376117 0.34367075578515716
1.163340741843335 0.3478674891694756
4.755432461464402 0.4008626192448009
1.7069031775318138 0.42403005712553243
5.275449152702123 0.33241731944897207
2.9777801071973116 0.26994161473699924
0.7695088291825272 0.3221382270452103
4.297864774222248 0.4344821303418718
1.3728871556372368 0.37392335534750787
4.998011891664156 0.36074501619887694
2.209321614175394 0.4147397497427696
5.718078551966698 0.32888166189337376
3.444090431259987 0.2876333996463656
1.0677757122567897 0.3377730349450986
4.645440374555747 0.41623904236464393
1.5856612725466377 0.4093702497176744
5.16998494670144 0.3423843208968384
2.7150616395232134 0.31050762532342396
0.30096712686947313 0.3458101467817333
3.8608360503149655 0.37547972349257214
1.2106503877751464 0.35262440799077316
4.815730703915094 0.3906512649338043
1.7975624002285926 0.43120830381479663
5.354947963246808 0.32658719989854657
3.1212429018348757 0.2624057518313476
0.9003684823239624 0.3250609863662661
4.45327852583339 0.4329351866173255
1.4489013711763192 0.38732426117083474
5.058627756130775 0.3539695614214006
2.3818435500949633 0.38401860485052114
5.923027702474364 0.3420638134681617
3.542586671186342 0.3053631343994855
1.104319511173692 0.3414345089228673
4.687450700287748 0.41074512192467927
1.6270573019215675 0.41488110891166335
5.2061847247972395 0.33865906525933415
2.8152830021957342 0.2915735249451134
0.5198673675948271 0.33155134315700613
4.031069215670698 0.40816558274043346
1.2698637232568117 0.358849191122394
4.89222700935219 0.37701276087829816
1.9449570261165405 0.4352334882627072
5.4797493278363305 0.32224442018543553
3.2742172404173218 0.2673257601687219
0.9923472718819255 0.33115434131227567
4.5587545975481305 0.42569132698322665
1.514901793524082 0.3988023970054532
5.109271473961776 0.34898778903288974
2.531913309878675 0.35102860617370374
6.172687465942474 0.35448019977048756
3.6488808840580518 0.3278188535354964
1.1404019230700442 0.34533823883827297
4.728701478076232 0.40491225532445596
1.6732459530390784 0.4204553205043513
5.246215367954257 0.33492248687244197
2.9138574853760275 0.27690705805928106
0.6872781808786428 0.32351100034528185
4.202658100452531 0.42927938162177515
1.3335510154484211 0.3675646986591134
4.961864667405308 0.36572395982774386
2.112008065687185 0.42649987807086814
5.6242741034684585 0.3244528441170725
3.3884235826499065 0.27939296748601417
1.0451564243641869 0.33565612394570166
4.619393213769136 0.4193723209702957
1.5624818906537143 0.406078953381262
5.149754384556388 0.34456968035341357
2.655360143069778 0.32317710105257197
0.15976488398509048 0.35289289598848006
3.7770964322861715 0.3569033364148991
1.1824496420057287 0.3498644893781396
4.7789489122388815 0.3970375516570066
1.739696099650331 0.4270284806630997
5.304280171854174 0.3300937415428806
3.0348343254398245 0.2655607297324512
0.8289615887770623 0.3226138807798448
4.368719560056249 0.4352452166602342
1.4052974525059412 0.379519887087117
5.024997684361573 0.3574911642146726
2.285197182994807 0.4025633395950647
5.8004685443402195 0.33391008363299163
3.4863809859350354 0.29479059411877934
1.0839863662240106 0.3393425891823845
4.664217975759087 0.41383023105501326
1.603576106078826 0.4117967528030965
5.185775751418014 0.340706550452962
2.7600941385377666 0.3015703653047727
0.4040962927919125 0.33914356276331564
3.933890689863695 0.39058472039124226
1.2358182371909692 0.3550933513869869
4.849186332900544 0.38464081079613915
1.8574444171504965 0.4340488328707009
5.406260294896661 0.32402343435751113
3.1929082950169345 0.2630457048113991
0.9475629949968507 0.32782184534167663
4.507807073700668 0.42977043263921666
1.4809469218696591 0.3930378595046111
5.082712584758852 0.3516450681968432
2.452287830288462 0.3689544533402328
6.029592224890841 0.3485390186462683
3.588211669833953 0.31467857738346655
1.1200846102905828 0.3431240417991125
4.705380085482325 0.4082735953771651
1.6463428689850588 0.4173001274103795
5.2228639245201265 0.337064899690217
2.857882632472318 0.2846945972013722
0.5986452137159404 0.32709869799230246
4.10736621460444 0.4193098840862043
1.2973769277142324 0.362347610414182
4.924107195293892 0.37162616314570635
2.017622679854938 0.4332603479711973
5.541120993474195 0.32235309979925236
3.328373907687414 0.27220034081042144
1.0185732133795966 0.3333303961323138
4.588702252259537 0.4227684566088044
1.5372925443953207 0.4023418845657201
5.127908111110408 0.3469885875715694
2.5888440808982836 0.338045708748752
0.007788784543173222 0.35597126246848754
3.701504353616393 0.3396740966472984
1.157614172264573 0.3472451754777714
4.748636513619601 0.40192075132663796
1.6980055135151488 0.4231334071210544
5.26767863423985 0.3330703049531912
2.9613953107949698 0.27152451520734205
0.750158143134847 0.32226295573757907
4.275045459203845 0.4336768058300161
1.3630769498637108 0.37228505280513635
4.989391012202844 0.3618688092624115
2.1855918696372285 0.4180313450982689
5.694170539997295 0.3275908088498571
3.43080883780776 0.2855398835409472
1.062522910713163 0.3372733140369704
4.639378021861397 0.4169901836187421
1.580099439886908 0.40859613719113985
5.165106526880663 0.3429083500161388
2.700850466512499 0.31344785893735566
0.26749859688307254 0.3477688939008271
3.839473047661116 0.37083954694420185
1.2033777933876806 0.3519254900904335
4.8060722703154894 0.39236376031946557
1.781568075757292 0.4301921551191441
5.34103035448598 0.32746257672704215
3.0991808938362126 0.26280519136413993
0.8838859559315182 0.3243075807877534
4.43394665016568 0.43375218606208754
1.4383613088198999 0.38542593844483786
5.050680346708383 0.354758024281479
2.3588521702961884 0.3886869908876935
5.891682234618941 0.3399869360157537
3.528738638458698 0.302656179158299
1.0994250356132085 0.34091734916442407
4.6819003032385496 0.4114907609351097
1.6213123719271536 0.4141364273694594
5.201227052403958 0.33914256341366744
2.802211768930846 0.29383508711305933
0.49376753768655846 0.3331963094263031
4.007635997698067 0.40424129682054394
1.261581470838948 0.35787800482470883
4.882104908504672 0.37877806557238236
1.9232930065683362 0.4352899327322481
5.461613189136777 0.32248043086771977
3.2560729027960633 0.266048707191242
0.982988418425613 0.3304110918015255
4.548125454589673 0.42663292742007225
1.5074271108954491 0.39757040593547055
5.103268304435758 0.3496068371207927
2.513730340986335 0.3551687970709602
6.137707306169027 0.35340743638986905
3.633899176225924 0.32450828030648715
1.1354500271484156 0.3447912423633107
4.7230211716241755 0.40574221007068717
1.6665070262388184 0.41968616024285543
5.240382631049428 0.33544312546537935
2.9003111139270104 0.27865176759095905
0.6673499102304845 0.32415028489579223
4.180453628901148 0.42737268975041526
1.3248923300317657 0.3662536499092331
4.953261697184111 0.36701090670571934
2.089779424985764 0.42851633891817453
5.604166692863956 0.3237628051302268
3.3750203108582966 0.2776289912201452
1.0394361840484123 0.33514142364994676
4.6127903593006465 0.42013168519713956
1.5568742635851507 0.40526237672379206
5.144867519219652 0.3451074598185214
2.6406237226868114 0.32641796308221477
0.12520182897858234 0.35406236609285485
3.758827667330273 0.35275079864326836
1.1764045628904114 0.3492460838985982
4.77136947927238 0.3982966059037198
1.728779841148004 0.4260824923449559
5.294666395820492 0.33084775124376703
3.016465483143932 0.2667759851376424
0.8110650919351698 0.32232802902150837
4.347339080567899 0.43528624948427985
1.3951768489370409 0.37774571840973975
5.016797464796497 0.35843690604039286
2.261929865330906 0.40654876865886713
5.774125041277905 0.33222475963300135
3.473368227006958 0.29251086833316764
1.0790831167390351 0.3388613165978814
4.658542723722427 0.414569139859533
1.5980565367390795 0.4110578756597421
5.180914772247036 0.34121720663687244
2.746417883614903 0.3042180994538402
0.37340562780651965 0.34119112934902013
3.9109225441007 0.3859810719181228
1.2278652456698111 0.35429526864868044
4.838681630548983 0.38653226529137036
1.8378879630033396 0.43329237559456285
5.38963657188512 0.3247355690499447
3.171242230050389 0.26253994284275556
0.9341973772997534 0.3269532050582833
4.492484325587085 0.43078539846041575
1.4715555743881836 0.39138063369684356
5.07561636985033 0.35232854992356916
2.4313834391272167 0.37352771612724256
5.99617166548353 0.34664362588572323
3.574062503154984 0.31173001411738727
1.1152439831672183 0.34260375243918917
4.699850785953757 0.4090477709079957
1.640266562310721 0.4165532247570872
5.217592442360051 0.33756498827820736
2.844638477042764 0.2867503143339241
0.5752020803233862 0.32832513429543003
4.083790595829903 0.4161485391438729
1.2887669360566036 0.36120857904483655
4.914419556237803 0.37323144982639944
1.9948298566977982 0.4341802493926804
5.52172077356655 0.32217427721365327
3.312330806071884 0.2705933684936127
1.011045386756372 0.33269431218957146
4.580066591673052 0.42365311247186344
1.5306200516305495 0.4013116988847698
5.122249429775266 0.3476073621655648
2.5715049837684703 0.34199196156844025
6.253594653391126 0.35586995558884915
3.684452850461497 0.3358035354334434
1.1520509510235755 0.3466323970517272
4.742129438755519 0.4029141081548126
1.6897145182668254 0.4222655292619077
5.260469426434653 0.3336838906721521
2.9458099147950847 0.27316086492529673
0.7306909895189619 0.3225163823090041
4.252309571434353 0.43259759521128155
1.353560941973889 0.37072630463018913
4.9807959351783 0.36302906724466777
2.1622390824256428 0.4210099674414581
5.671350752120091 0.3264531716652394
3.417603522792824 0.2835354276889625
1.0572179797290175 0.33677239110450485
4.633271739593198 0.4177325326095244
1.5746052252174039 0.4078207365814448
5.160308368246326 0.34342466140131533
2.686760104365348 0.3164124437261914
0.2341224387760903 0.3495686863652326
3.819169416235205 0.3663579340390353
1.1965138916573892 0.35126075752173447
4.797043816283633 0.39394503049187923
1.767135080182051 0.4291841646713137
5.32840374854235 0.32831727257637433
3.078095039458063 0.2634483974981701
0.8670921406219279 0.3236566189235049
4.414112278645 0.4344169113346496
1.4279238369219627 0.3835492099119311
5.042721896128768 0.3555711942361694
2.3359211405499494 0.3931947950269373
5.861873334826164 0.33798752094229867
3.5152804816258794 0.30008672827279165
1.0946016636361477 0.3404153486655612
4.676409479388347 0.4122226161291217
1.615716479191292 0.4134039932772707
5.196380952255026 0.33962302641587966
2.789230632326827 0.29614808334392545
0.4669976112096066 0.33493925490502385
3.9845416159760845 0.40016695915883627
1.2534709020790658 0.3569641270562845
4.871962207503479 0.3805678459349088
1.9022579231177872 0.4351199469480023
5.443996544587691 0.3228349158660081
3.2373274720805583 0.26492201773493596
0.9729654502780107 0.3296402371035093
4.536743311884479 0.4275877571122969
1.4996656959699166 0.3962673688259812
5.097137011570986 0.3502271408667298
2.4952637137975557 0.3593530879576081
6.103597653861868 0.3521092754096532
3.619428774964639 0.3213483790234848
1.130627920353973 0.34426362087767526
4.717483579458886 0.40654496733515894
1.660053094166976 0.4189364989675504
5.234783173849898 0.3359526277364911
2.8870304807236096 0.28045083871592724
0.6468833044905935 0.3249150912746913
4.158092768459092 0.42519318293819797
1.3163251244325664 0.3649943278490349
4.944482203802906 0.3683620664929132
2.067514233833684 0.4302760408396822
5.584388807392337 0.3231921215536071
3.3611944960991877 0.2759040273351268
1.0334078098717114 0.3346090616289503
4.605819627880898 0.42091804347190065
1.5510631536332795 0.40440875276177535
5.139802988316845 0.34566924873349364
2.6252375236098757 0.32983926494514443
0.0895526255596053 0.35498980617306414
3.740714818574048 0.3486194800591944
1.1704420417962709 0.3486242176407027
4.764019036235261 0.39949448041285807
1.7185106098091723 0.42514557060688885
5.285631344713792 0.3315765298802647
2.998603975070033 0.26813654395010267
0.7925634048679626 0.32216381649091597
4.325258928144251 0.43508477880855234
1.3850448790702004 0.3759924625202942
5.008388612253192 0.3594459172868708
2.2382457281578496 0.4103828990677324
5.748330845523938 0.3306382240733722
3.4601877199822795 0.2902712693699094
1.0740387693503806 0.33837311431071904
4.652693026514925 0.41532188895801875
1.5924601906764977 0.41030169104686426
5.175975501080934 0.3417425455708443
2.7323403712697854 0.3070060353485542
0.341187719390426 0.3432954609766228
3.8879598743721075 0.38123907919063815
1.21994826933485 0.35352035180016245
4.828138724431824 0.388429702733509
1.8189565684843743 0.43240030546105934
5.373423972319053 0.32554049864776874
3.148720782290937 0.26230086870263913
0.919515053888567 0.3260762375912191
4.475546832979084 0.43179371667690547
1.4615416810782165 0.38959491185308587
5.068102128771699 0.35305045556189774
2.4093942109962043 0.3782503984864758
5.962702334500598 0.34460880933038573
3.559773582642478 0.30880497229721227
1.1103141893249457 0.3420747483242724
4.694245081594964 0.40982140986162624
1.634226100036983 0.41579649443680705
5.212368431682705 0.338063777843193
2.8313142435908176 0.28889487287930765
0.5506577343718533 0.32970497168661034
4.059894582931648 0.4126816471878677
1.2801454855247059 0.36010818540265827
4.904454846882224 0.3749127922368855
1.9720315322584554 0.4348237452728904
5.502473682689555 0.32212642361722527
3.29547360837325 0.2690516062626888
1.0029246499075697 0.33201771331098995
4.570790987779716 0.424565363900017
1.523652530784851 0.40021361662050897
5.1164346750963645 0.34823303593890514
2.5537252498515954 0.34604954896660606
6.216470822923839 0.35542770759153536
3.6679371256384243 0.3320779357393923
1.1466552494639046 0.3460333265320206
4.735886885301582 0.4038506336886215
1.6819573678796402 0.4214263359413002
5.253748719632931 0.3342630027352411
2.930939130682333 0.27483938184134216
0.7110936677251019 0.32289464641476406
4.2296974749984955 0.43124954790697145
1.3443267950777766 0.36924612992165523
4.972213913560481 0.36422706488121376
2.1392534775601106 0.42368032853738335
5.64949734849241 0.3254620844258897
3.40440984938715 0.28161231608421516
1.0518265829532893 0.3362687716014566
4.627072275503487 0.41847263276631763
1.5691306827923341 0.40703874636943893
5.155541137848346 0.34393958937989955
2.6726484120545067 0.3194270573409993
0.20064552742834962 0.35119230420486675
3.799721938639067 0.36201137839800435
1.189986537908176 0.3506195617894494
4.7885699231259835 0.3954074015017095
1.7540403761283159 0.42819475716025013
5.316904973507164 0.32914198204194745
3.057971640664526 0.26429911707479753
0.8500116239134741 0.3231153678843551
4.39382527098644 0.4349088740473307
1.4176074205277942 0.3817033166089031
5.034733165579247 0.35641650185445595
2.312994930772291 0.3975381160207751
5.833394714928161 0.33608017298219894
3.50209891749801 0.29763233853031584
1.0898055964972002 0.339925111642235
4.67091996770435 0.41294948486406596
1.6102024474682892 0.41267688752995724
5.191580639030015 0.34010792596054196
2.776165732451304 0.29854114133825677
0.43924778148558374 0.33678441037232437
3.961584406962821 0.3959278728154525
1.2454494189777847 0.3560951000009189
4.861721352575785 0.38239195341816984
1.8816963243799947 0.4347457671292066
5.426730815993928 0.3233052780265472
3.2177721459646733 0.26395767842482976
0.9620873148666007 0.32883637673196936
4.52437429463054 0.42856349718121645
1.491495456924298 0.3948716915575262
5.090784464735719 0.350857973567696
2.4762540430234097 0.36362811294088
6.069953425644208 0.350604832704075
3.6052300717831685 0.3182882665932476
1.1258559528846703 0.3437461070201158
4.711999993178345 0.4073332217604527
1.6537730590105184 0.4181948064759853
5.22932379154031 0.3364580881259316
2.873823411782247 0.2823246137126048
0.6255961587750818 0.32581710723386376
4.135351638342584 0.42271435052718026
1.307752774844566 0.3637731493640179
4.935426863079492 0.3697922212932983
2.0450227194611728 0.43178626036382145
5.564724326680931 0.3227383692992428
3.3467467667891313 0.27420539451239373
1.026968868358935 0.3340494894373034
4.598377093891585 0.42173769333323885
1.5449869042884856 0.4035055784653039
5.134526656314243 0.3462560794615649
2.6091211459598185 0.33345684915523455
0.05284448998171598 0.35563239006059205
3.722746276939951 0.34451666655850416
1.1645528240756136 0.34799787971431184
4.756885203043126 0.4006335901952402
1.7088379693225235 0.42422023794794
5.277143213593028 0.3322761851592287
2.981295534902955 0.26962054950045217
0.7735184613231425 0.32212881602518595
4.302615417556531 0.4346149696969952
1.3749646270174907 0.37427402187281406
4.999808311938452 0.36051590329412087
2.21430222978929 0.41401598872274725
5.723196929101185 0.3291698284310145
3.4468667696613693 0.2880805929328037
1.0688638770448975 0.3378769436887053
4.646698722842849 0.4160813309164678
1.5868295421826843 0.4095314301844252
5.171012494241339 0.3422740515437853
2.718039605410972 0.3098982052694529
0.3079422504545448 0.34538528554280684
3.8654228008215625 0.37646464398480695
1.212218008553016 0.35277495321798635
4.817820415978993 0.3902785127772756
1.801098701793066 0.4314186014794256
5.3580132745698705 0.32640425325960765
3.125941398657197 0.26235692309803843
0.9037461278687147 0.32522926150874487
4.457221902843855 0.43274850480687144
1.4510991862570464 0.38771985146287696
5.060277580811466 0.35380821454772354
2.3866290611719165 0.3830296369653823
5.929748061804403 0.34250282170501306
3.5455217115976367 0.3059446597420959
1.1053489864062556 0.3415440491132538
4.688616944726249 0.4105875252317223
1.628276647562707 0.41503800175054945
5.207236055970789 0.33855735803660325
2.8180291898375316 0.29110716475642834
0.5252382761480234 0.33122119276932344
4.036005018482477 0.4089638425362313
1.271616275114411 0.3590596367708432
4.894337774726864 0.37664758952460414
1.9495597803013212 0.43519065665270473
5.483605874920364 0.3222106871170317
3.2779356273312743 0.2676098919431051
0.9942264806019736 0.33130605058461504
4.560890459900911 0.42549620691384993
1.5164317175912458 0.3990516202979233
5.110512952747655 0.34885825780061186
2.535685150516322 0.35016817467009664
6.180117303123218 0.3546726106174297
3.652087787360742 0.3285321116287155
1.1414573020657244 0.34545534583207094
4.72991227407973 0.40473438881607227
1.6746986925525675 0.42061917659999803
5.247471582104765 0.334811596843231
2.9167375681295553 0.276548038677389
0.6913946425263617 0.32339266123057947
4.207294294051522 0.429644750350152
1.335379664105396 0.36784628748200815
4.963647978998317 0.3654619839776557
2.116664431269527 0.42604496596290214
5.628537202682963 0.3246125874187119
3.391187231966292 0.2797677621549789
1.0463210607060063 0.3357621489327795
4.620735466763719 0.4192163473964437
1.5636340280533645 0.4062459492203775
5.1507576036218765 0.34445993910555217
2.6583701062469345 0.32251997348131445
0.166862335917223 0.3526214707950695
3.7809418884115544 0.35777465434278594
1.1837265103409464 0.34999362226716907
4.7805657581371435 0.39676601508250964
1.7420682801969676 0.4272273415934012
5.306369176798675 0.329933121291915
3.038739471137461 0.2653266546929793
0.832627132407886 0.32268822497958893
4.373096619156293 0.43520871726927035
1.4074093470894553 0.3798926648288319
5.026685519150746 0.35730116535418444
2.2900040264391563 0.40171429044359547
5.8060444791510335 0.3342734537786326
3.4890829285554332 0.2952723311927019
1.084994711543608 0.33944259059881116
4.6653822907584654 0.4136777954210141
1.6047189709114633 0.4119490519535733
5.186779647091399 0.34060209605625524
2.762894426056043 0.3010360066715315
0.4102960939243019 0.33872743936996236
3.9386654545859017 0.39152279720870053
1.2374755015294525 0.35526275589183115
4.851359575219313 0.3842500258925925
1.8615773484250866 0.43418672655190327
5.409759045691587 0.3238882750821326
3.197295023984701 0.2631809249122326
0.9501858812284354 0.3279997948504246
4.510804609192974 0.4295605023687669
1.4828238828176623 0.3933665094666006
5.084139774311076 0.35150684893038775
2.456510212924698 0.36802200023007775
6.036541140799457 0.3489132381309938
3.591144568859754 0.3152958918575977
1.121083174336178 0.34323148977270507
4.706523673840962 0.40811214389493045
1.6476143943012929 0.41745464353840106
5.223968700731241 0.3369605843259507
2.8606319518759022 0.2842775927825781
0.6033920775192527 0.3268624826504135
4.112227808950443 0.41992881165819856
1.2991666866547007 0.3625893860439766
4.926087590181453 0.3713018975415357
2.0223573837722952 0.43303438623332174
5.54517550602467 0.3224064539335283
3.3316156682121942 0.2725414109512251
1.020071712184965 0.33345797730639265
4.590425850795093 0.42258784086685597
1.538646288798617 0.40254842930318924
5.129066010387277 0.3468609873949603
2.5923934014051113 0.33724006686454383
0.015575482915139105 0.3559486302601705
3.705117860370976 0.3404966367613445
1.158793379533698 0.3473741123151127
4.750027188368357 0.40170598551797654
1.699806003988101 0.4233177720467589
5.269248240056982 0.3329376930827335
2.9647393947339893 0.2711899468892156
0.7541981123489023 0.3222262336260215
4.279793322214871 0.43386724402989457
1.3650958157796182 0.3726197285066526
4.991184282839235 0.36163174070998744
2.190503678173883 0.41737159240539645
5.699056854320844 0.32784685233426186
3.4335671046142195 0.2859683547121845
1.0636203636870363 0.3373774513797802
4.640643046020827 0.41683462801324717
1.5812510163409215 0.4087573357738013
5.166114733983214 0.34279999082133544
2.7037970494031356 0.31283398678304597
0.27445883344390865 0.3473732761551476
3.8438301725135844 0.37179263861750855
1.2048570603257218 0.35206790429045304
4.8080305961699565 0.39201808704671776
1.784764626246094 0.43040372626691703
5.343818599271678 0.327281450499614
3.1036981758812487 0.2627005875796431
0.8873475950407013 0.3244564292004251
4.438018502454106 0.4335937980938854
1.4405500389998878 0.3858201030598042
5.052336722428251 0.3545919596265142
2.363636085929805 0.3877273700203964
5.898079731401388 0.3404139082259338
3.5315880175949133 0.30320807795427923
1.1004374696069377 0.34102375575765553
4.68304970313077 0.411336886965917
1.6224944684131088 0.414290325815779
5.2022481782655206 0.33904238267730363
2.804920865466265 0.29336073568428583
0.4992487497492277 0.3328457687892437
4.012481545775614 0.4050705853645548
1.2632893145979622 0.3580751101714718
4.884211897024336 0.3784087664092706
1.927747015960776 0.43529771826185093
5.465341036359732 0.3224213727661433
3.259894173637427 0.26630249026899805
0.9849863652291901 0.33056795618905194
4.5503939685411865 0.42643604591583156
1.509003438143317 0.39783215147509216
5.104525969306486 0.3494781284507158
2.517531701107387 0.3543045662105616
6.14490560451101 0.35365021477507286
3.6369682680547086 0.3251834141774582
1.1364676033856256 0.3449032499212088
4.724188747694569 0.40557217129427664
1.667882194909403 0.41984427830519716
5.241573892400034 0.3353359755447731
2.903101418172511 0.2782848642565024
0.6715321254968316 0.32400721655147086
4.185079483594926 0.427791208861433
1.3266831694151051 0.3665217157722743
4.955062976374506 0.3667383247725575
2.0944008288073306 0.4281183537960827
5.608315474570965 0.32389637921622444
3.3778374308659096 0.2779922992874955
1.0406485197211666 0.3352496812125491
4.614191062531795 0.41997171784337844
1.5580555329702577 0.4054349247059204
5.145897397860637 0.34499370442992816
2.6437391867632485 0.32572967484134047
0.13247936942342164 0.35383765816315044
3.7626135390641906 0.3536128459828967
1.17765457405104 0.3493749321362908
4.772926440196635 0.398039886077435
1.730994972050155 0.42627857833003696
5.2966169420982965 0.33069287866587077
3.020245323069652 0.26651058633528313
0.814838466690972 0.32237775668909235
4.351847003325375 0.435296726676047
1.3972844847358985 0.37811341822397027
5.018520997028297 0.3582349928258032
2.2668074409469625 0.40573077498884935
5.779561645966027 0.33256779782494067
3.4760888002406958 0.292981909226117
1.0801146429037516 0.3389619306998511
4.659738136878602 0.41441412216017676
1.5992119796674373 0.411213048622739
5.181933745127957 0.3411095491064822
2.7493002366265955 0.3036549439943486
0.37992773787025413 0.34075851390897144
3.9157120936515426 0.38695310343204914
1.2295210299227648 0.3544595668220681
4.840877645386357 0.38613669073293067
1.8419188066313197 0.43346218243452556
5.3930727297110295 0.32457891457000787
3.175835330253591 0.26262460657388936
0.9370901012702078 0.3271356692273325
4.495807912440689 0.4305735129335142
1.4735646599525438 0.39173679888000584
5.077129168789369 0.35218320658037583
2.435827873453796 0.37256177676043345
6.003142899223654 0.34705125753725347
3.577021547395873 0.3123425001208317
1.1162595487965419 0.3427128469425808
4.701008740030183 0.4088865494267726
1.641529258827191 0.4167096144000381
5.218686618271946 0.33746090260948886
2.847404305916136 0.28631467006582945
0.5801765758087356 0.32805694706463706
4.088732300012424 0.4168328800595275
1.29056259651788 0.361442834169857
4.916461811044606 0.37289051384457694
1.9995835798571733 0.43401129655945436
5.525752191056128 0.32220085194792086
3.3157396122507166 0.2709234925588531
1.0126607744822422 0.33283012267342105
4.581916497402631 0.42346646881771316
1.5320340939352732 0.4015317421733027
5.1234415296477 0.3474777473694927
2.5751558427721903 0.3411598549457804
6.261371355155305 0.35591962707339564
3.6879626093828435 0.3365985134020533
1.1531962202391526 0.34675906768393094
4.743462340630032 0.40271213172455217
1.6913952782424602 0.42244394793004736
5.261928488174824 0.3335591046098289
2.948994408212215 0.2728162486326757
0.7347558173373372 0.32245317870460105
4.257036014134393 0.43284475439316533
1.3555192304590378 0.3710444417255422
4.982584542803295 0.3627843539878561
2.1670721573627034 0.42041520992829146
5.6760198986820924 0.3266778060969919
3.4203506991567707 0.28394595982377036
1.0583287717739651 0.3368768979592778
4.634549416172256 0.4175783435291174
1.5757461943327087 0.4079825888095012
5.161303336582563 0.34331748469028317
2.689691108074676 0.3157919041737482
0.24107392988666732 0.3492078687931895
3.823320065267623 0.3672791740597105
1.1979130445818313 0.35139691733159223
4.798875398832273 0.3936260275840629
1.7700227698387607 0.4293927493547838
5.330934511625401 0.32814155662643424
3.082405008402226 0.2632962158293882
0.870612978526836 0.32378331323672654
4.418280844761242 0.434292079544647
1.4300875658638503 0.3839376942033462
5.044380836188047 0.3553994542257248
