65.0 3.6499335957005425 0.003
0.0 0.35662488783383417
3.6944001054713698 0.3366128174035261
7.503080389609514 0.32461913818652394
11.334347030635561 0.32576966831272186
15.13144767290853 0.3388996393407928
18.824336129980644 0.3537968412662878
22.546476317291386 0.3309119241982868
26.391447938946676 0.3166496700501943
30.306918590183145 0.3024705800599571
34.30896982244223 0.2966207186084011
38.168317122548295 0.3556103828232363
41.628444039293555 0.4120786245116161
45.011872464365474 0.4085508361482386
48.22950969958189 0.47650274407097337
51.275258853007934 0.47736780613604185
54.17021404378331 0.5388044114427322
56.94272801261737 0.5667154923006997
59.59683354612159 0.5606710323746877
62.26818327078822 0.5483032894331789
65.09424705485917 0.5273074790302942
68.05670713057529 0.4636484210317193
71.15592234194295 0.46508968613957036
74.43244182850472 0.3934128854305097
77.9212136771526 0.3912022528109399
81.39894648568986 0.36943091363816627
85.1547014248002 0.3144382412407956
89.06113723802146 0.3173959179317383
92.86130111779605 0.34449268913064374
96.50663001042358 0.36364433958222026
100.23332715653255 0.3123682902619741
104.30443268618205 0.2671349222535646
108.56110370770676 0.23677737810382177
113.17826741007163 0.18356392505673125
117.70206686114601 0.25483245418653194
121.84558406965239 0.28412800747667466
125.84482923998354 0.3151884454630371
129.62034075131598 0.3457616470783997
133.37540592748888 0.32392514635374275
137.34826064226547 0.27442460636954635
141.65941703614524 0.22752263283466442
146.17296612533795 0.20124015180859436
151.02889235573386 0.1604206888594343
155.66216066235896 0.23490013287811742
160.00743854642855 0.24734665122175328
164.1962200701957 0.29406876914764435
168.00748112744384 0.3620601985291023
171.54898323516124 0.3702180671307988
175.35337449219327 0.2846187204443157
179.65515214847764 0.22580098212477204
184.187688308727 0.1976091563668078
188.9123416784406 0.20421746342550987
193.22291745867335 0.28540345710398174
197.18770646138535 0.3119707836664374
201.07724441566194 0.3171075083366702
204.94715992433868 0.3173207315668284
208.87830079197568 0.2914289760539379
213.13881208886528 0.2124990253967527
217.85404710734693 0.19087007373054918
222.44903418360772 0.21570634503159705
226.81862304298195 0.274253893077878
230.6906204906649 0.3584737645845617
234.26898760537887 0.3586069679330178
238.14058494841433 0.27422203130283024
242.51037944349753 0.21575590618478926
247.1042459622907 0.19114409002078103
