1001.0 3.643074351
0.0 0.35597881128974557
3.6979120895269686 0.33885708528433445
7.4396274389421455 0.34711665878925174
11.030443788056399 0.40213268855539464
14.262602082102628 0.42295030655360055
17.83250412450928 0.33320118979876806
21.807642207722097 0.27186134757629327
25.878854856611564 0.3223052562336403
29.403043049602275 0.43347449697386214
32.776997642834935 0.37195387103768396
36.403525634724595 0.36210742704919757
39.87980892256556 0.4186774232940827
43.38844389144158 0.32734144729870057
47.41035139729249 0.28511532712444787
51.32690581599646 0.3371691360228052
54.903593759336935 0.41714533026449924
58.127618753788006 0.4084349071499575
61.71276975854005 0.34301634929166014
65.52976280720021 0.3140626527307573
69.37558224211358 0.3481575274532928
72.95020113697446 0.3698935479180508
76.60014024794519 0.351784579170145
80.20236542625908 0.3927036523312053
83.45984894323539 0.42998101498448127
87.0197077335119 0.3276427447251252
91.05930142214345 0.26292034789088314
95.12819122471973 0.3241632231695295
98.67763350008188 0.4339039273851907
101.9671424438664 0.38503280528552497
105.57998875053914 0.35492513276995136
109.16822203564988 0.38963945686112417
112.69950283261544 0.3395634343300775
116.6232422227369 0.30211034384882923
120.47893669962316 0.34081162307172613
124.06127449177126 0.4116440198492312
127.28384302678877 0.4139830842477098
130.86391700831263 0.3392426060665052
134.7463982979768 0.29431161174579873
138.71833467250255 0.3335510595901965
142.23288236119012 0.4034056074796558
145.77314327683976 0.3576834001929485
149.39325926368815 0.37914839665443434
152.71531393116703 0.43527235730507957
156.2543554507357 0.32254460950497477
160.3318585946744 0.26580143677911644
164.343779927419 0.33025304262216926
167.9086425808432 0.4268303735891485
171.15184179599547 0.3973056095295158
174.74800847812796 0.34973559243185415
178.43910555771632 0.35603488488068036
182.05973567882535 0.3531549371953022
185.8432262378582 0.3238396931561952
189.62999730337347 0.3446800836346825
193.2174189485278 0.4059110862825867
196.4438886162517 0.41952888452025733
200.0179458626941 0.33554980992820743
203.95946185269233 0.27902104799716193
208.00825922636344 0.32429878530111594
211.52093572538172 0.42694235147148124
214.95140570415728 0.36598779457809627
218.57975302845315 0.36728629747198355
221.9966416147854 0.4289032853895063
225.51151735481292 0.3236343678311155
229.56685566111165 0.2772673174525423
233.51606675679292 0.33503239520319805
237.0892299175125 0.420292851224489
240.31672566365935 0.40508820508289023
243.90487139954018 0.3452222872845001
247.68170637343852 0.327114228629759
251.4452877076441 0.3542766582465498
255.08245988660522 0.3518894569697215
258.78575540539754 0.3491170538713313
262.38041962886354 0.39855074348703323
265.6203750312051 0.4258867537992102
269.18652328523876 0.331001569256674
273.18967484868966 0.2670477432488628
277.26741802214053 0.3222835600548228
280.8029531353856 0.4352652618723717
284.136406979333 0.3773788287174485
287.7584032357639 0.3586416201562124
291.28355696257955 0.40736044003698474
294.79523483397315 0.33188591294302444
298.78034905441933 0.2920414308532861
302.67093992627326 0.3387603760092638
306.25023413523803 0.4147248068549564
309.4729774603977 0.41090190748126615
313.0559721201012 0.34132554013912825
316.902782499545 0.3047875348782884
320.8092655662883 0.34162638812480056
324.3485823001195 0.3850026955280878
327.95184643319385 0.35413192776747476
331.56211913383 0.38692824648823704
334.84270419775413 0.43311660236453525
338.39503833869776 0.32489633239328664
342.4586166647567 0.2624668704486415
346.50643815389213 0.3267702913211206
350.06428111885225 0.43099710534246805
353.32789581743907 0.3910187306165711
356.9324620447689 0.3524756070346565
360.56845275118286 0.3745005180687394
364.13075832527744 0.34622977538560407
367.9958441596766 0.3111183299673288
371.822157326963 0.3424942367728384
375.4066222882198 0.40920901287371914
378.63012348881847 0.4163963588310011
382.2076184747187 0.3376690390463689
386.1161722323759 0.28718992117163133
390.12766757346395 0.3286000593703768
393.6363227963155 0.4154507359668094
397.1276446967552 0.3609759456654885
400.7530391260143 0.37357577208997855
404.1139344475913 0.4343372101504177
407.6415547421051 0.32215339028727263
411.7159308239602 0.2702659895069716
415.6996341943526 0.3325567069252429
419.26841882198784 0.423840991425037
422.5026085085763 0.40108866174510516
426.0944659300948 0.3477372945910486
429.82443527904496 0.3428290435085762
433.50242878625755 0.35580541428304335
437.2207520542286 0.33501474473514353
440.97388429613693 0.34650630263246796
444.5637793432747 0.40311364402668237
447.7942135014098 0.42208833292311954
451.3651881870779 0.3338071914983495
455.33199822568434 0.27350733108035363
459.3991475783679 0.32258500767005577
462.9201155146952 0.43233873907734166
466.3073274445274 0.37041154876457144
469.93472047624726 0.36327543728639927
473.39631958038274 0.4215913947769342
476.9056211421149 0.32623487517579747
480.9369399702101 0.283128384781322
484.8613720098529 0.3366677576544824
488.4372585914578 0.4178866343677726
491.6619189894986 0.40765858642283187
495.2477686438817 0.34353178171915627
499.05546730789433 0.31703517451057567
502.8819908503488 0.3499218864064696
506.46988020887756 0.36544251011708767
510.1331391341083 0.3511256032954767
513.733246104247 0.39425888368179735
516.985500441873 0.42897639950347377
520.5471169607008 0.3284916769880257
524.5782072902391 0.26360956501505495
528.6511246476902 0.32353468585143746
532.1974898210103 0.4345342533305081
535.4965164365597 0.38316206076497433
539.1118127056858 0.35574433689560914
542.685084989386 0.3941129326528677
546.2097763270417 0.3375823753606825
550.149638106281 0.2995668388354495
554.0139090927828 0.3403124156757583
557.5955749684255 0.4123741545437917
560.8180556771008 0.41325234711976433
564.3988716348938 0.33972344800836846
568.2731991335248 0.2966390257662433
572.2311710112191 0.3353150892476702
575.7496170311554 0.3992979897819703
579.3048432499584 0.35677977521407594
582.9228873978286 0.3809447569972445
586.2341731033865 0.43505821193742833
589.7766089092274 0.3229233945571092
593.8527458319884 0.26470713870899715
597.8733806670447 0.32947563529150026
601.4368603496733 0.4277891140397146
604.6837908853896 0.39598498566791496
608.281624399117 0.3503573889027904
611.9603314887295 0.36023475680036504
615.5655371023989 0.3518123579338614
619.368615637886 0.3207041341943303
623.1649773889015 0.34415527652380645
626.7516844975304 0.40671008110316353
629.977263910799 0.41878164269291396
633.552167111283 0.3360581356840365
637.4859931645979 0.2808345979668447
641.5274241762536 0.3250913470878486
645.038291741864 0.42470212866172713
648.4826280595263 0.3647370041839626
652.1107069312586 0.3686532259825559
655.5141213982004 0.4306114332864197
659.0315580511226 0.32308786190466365
663.0926975791359 0.2755480317988869
667.0497453613226 0.3344949794666637
670.6219529406073 0.42108601180013405
673.8506479629358 0.4042249652710505
677.439549077565 0.34578956258892485
681.2059522735167 0.33057707439194006
684.9491808400479 0.35514873048926504
688.6041540211161 0.34776115501538984
692.319591777022 0.34849397507906354
695.912897527653 0.39973681502346436
699.1500147672269 0.42495155978927057
702.7173860813771 0.3317249603232509
706.7117015613134 0.268436592464655
710.7885736947817 0.3221456508009765
714.320517704 0.4350096822345621
717.6660611971674 0.3756307442111571
721.2897369213025 0.35966415359334786
724.7995782174688 0.4111588035881629
728.3093411533764 0.33032165624076454
732.3069157011977 0.28981004006690186
736.2056508206916 0.3382703166335279
739.7841347353208 0.41547995607015115
743.0071535824586 0.4101421006313996
746.5908068639891 0.34185316682426914
750.4284218806855 0.307601880053215
754.3165581589174 0.3437349700031642
757.8654482393521 0.38024251912904905
761.4837381154018 0.3533623034652347
765.0913819537394 0.38882105357942554
768.3637378864325 0.4322013178771207
771.9187393319166 0.32571705694243125
775.975762843823 0.2622878295635325
780.031284307583 0.3258957861588024
783.5868073730161 0.43199893552212215
786.8575550399559 0.3892096722479269
790.4646551236481 0.35320563478082795
794.0860474577323 0.3792458173272105
797.6371170740941 0.3441730482742209
801.5213262340371 0.3082017423116699
805.3569991320098 0.3419639440708681
808.9407909316405 0.409981969531132
812.1638810492525 0.4156382049847286
815.7421942424667 0.3381671879328305
819.6426279750249 0.2893511341855163
823.6426987024844 0.33001047220968155
827.1521790527208 0.41192532324796105
830.6588173252312 0.3598849610708215
834.2828150407271 0.3752707516351442
837.6309561865515 0.4349227110968255
841.162148691691 0.32213317097192173
845.2387008113071 0.2687417360989103
849.231175229635 0.33187205536747677
852.798795074164 0.42475811779660133
856.0353689903993 0.3999765599900672
859.6284097656848 0.3483635581982574
863.3463691101158 0.3469043288753492
867.0052043502681 0.35529484235892467
870.7441487737784 0.3313233964878848
874.5083128676835 0.3459109443632971
878.0973778355099 0.4040389374693426
881.3263483979259 0.4212554526389276
884.8983491181267 0.3343796406315226
888.8570558949244 0.2751931239381659
892.9193119101436 0.32298868635566247
896.4373251219791 0.4309359811153175
899.8379384873627 0.3689479126329678
903.4659273732427 0.36448125043336776
906.9131994529469 0.4241978689072823
910.4237448701896 0.32527365884070436
914.4635292218389 0.2812217451570057
918.3957451427935 0.3361635143302086
921.9708201640323 0.41862703934833445
925.1962292251688 0.4068746593766099
928.7827879178637 0.3440472876539563
932.5811187242064 0.3200637895030808
936.3882523733369 0.3515066425958645
939.9903722719049 0.36112077016289035
943.6664590114166 0.35048817473124266
947.2646631432536 0.39569838198457336
950.5124426777444 0.42799144343860185
954.0756180707235 0.3293095523274968
958.0980626087359 0.2644994323811265
962.1737693908976 0.323016886623737
965.7168969512608 0.4349877976273065
969.026011501106 0.38132324551969554
972.6436004119615 0.3565972581786949
976.2019372772153 0.39842171514293717
979.7213348561689 0.3356954045677454
983.6762861139905 0.2971337117905012
987.5488995109919 0.3398241281583102
991.1298654220603 0.4131008621256221
994.35233796518 0.4125255589545345
997.9338606562333 0.3402099530205263
1001.7998860789232 0.29905170425237576
1005.7429725619785 0.3371813089565313
1009.2664591118414 0.39502397037809356
1012.836620094313 0.35591895110761423
1016.4524077389598 0.3827762920495337
1019.7534888820248 0.43464393092451953
1023.2991920869707 0.32341755776408526
1027.3727906948802 0.26377942194299026
1031.4020886715678 0.32866472522736284
1034.9640444696156 0.4287694973391801
1038.2153091743671 0.39456772649172456
1041.8150025470745 0.3509913678134576
1045.480969476252 0.36453264496318644
1049.071742929485 0.35026732268560334
1052.8942380887622 0.317660365192347
1056.6999950930096 0.3436389098664135
1060.285991730313 0.4074960937468661
1063.5107986499147 0.4180407081527275
1067.0865176058135 0.3365629904453851
1071.0125780001215 0.2827247871313334
1075.0457367314677 0.3260228668891666
1078.555253207976 0.42215952052714434
1082.0138382140742 0.363523467714419
1085.6413776204338 0.37010018032769776
1089.0313712968327 0.4320682610549617
1092.551700063848 0.3226590175977311
1096.6178963158325 0.2738555460406841
1100.583000216873 0.3339290465606275
1104.1541927024523 0.4219123772659145
1107.3843018869136 0.4033107888983376
1110.9740174358521 0.3463808410567799
1114.7294821150076 0.3342324080335023
1118.4520949133043 0.35572615750482556
1122.126024757004 0.34367075578515716
1125.8535107269893 0.3478674891694756
1129.4456024466103 0.4008626192448009
1132.6802584698573 0.42403005712553243
1136.2488044450276 0.33241731944897207
1140.2343207067024 0.26994161473699924
1144.3092347358672 0.3221382270452103
1147.837590680907 0.4344821303418718
1151.1957983695015 0.37392335534750787
1154.8209231055284 0.36074501619887694
1158.3154181352193 0.4147397497427696
1161.8241750730106 0.32888166189337376
1165.8333722594834 0.2876333996463656
1169.7402428476598 0.3377730349450986
1173.3179075099588 0.41623904236464393
1176.5413137151293 0.4093702497176744
1180.125637389284 0.3423843208968384
1183.9538993892854 0.31050762532342396
1187.8229901838113 0.3458101467817333
1191.3828591072568 0.37547972349257214
1195.0158587518965 0.35262440799077316
1198.6209390680365 0.3906512649338043
1201.8859560715296 0.43120830381479663
1205.4433416345478 0.32658719989854657
1209.4928218803154 0.2624057518313476
1213.555132767984 0.3250609863662661
1217.1080428114935 0.4329351866173255
1220.386850964016 0.38732426117083474
1223.9965773489705 0.3539695614214006
1227.6029784501143 0.38401860485052114
1231.1441626024937 0.3420638134681617
1235.0469068783852 0.3053631343994855
1238.8918250255522 0.3414345089228673
1242.4749562146662 0.41074512192467927
1245.6977481234796 0.41488110891166335
1249.2768755463553 0.33865906525933415
1253.1691591309334 0.2915735249451134
1257.156928803512 0.33155134315700613
1260.668130651588 0.40816558274043346
1264.1901104663536 0.358849191122394
1267.812473752449 0.37701276087829816
1271.148389076393 0.4352334882627072
1274.6831813781127 0.32224442018543553
1278.7608345978733 0.2673257601687219
1282.7621499365175 0.33115434131227567
1286.3285572621837 0.42569132698322665
1289.5678897653393 0.3988023970054532
1293.162259445777 0.34898778903288974
1296.8680865888734 0.35102860617370374
1300.5088607449372 0.35448019977048756
1304.2682394702324 0.3278188535354964
1308.042945816424 0.34533823883827297
1311.6312453714302 0.40491225532445596
1314.8589751535726 0.4204553205043513
1318.4319445684878 0.33492248687244197
1322.3827719930891 0.27690705805928106
1326.4393779957713 0.32351100034528185
1329.9547579153452 0.42927938162177515
1333.3688361375207 0.3675646986591134
1336.9971497894776 0.36572395982774386
1340.430478494939 0.42649987807086814
1343.9427445327203 0.3244528441170725
1347.9900793190814 0.27939296748601417
1351.9299974679752 0.33565612394570166
1355.5042342573802 0.4193723209702957
1358.7305082414443 0.406078953381262
1362.317780735347 0.34456968035341357
1366.10657180104 0.32317710105257197
1369.894161849135 0.35289289598848006
1373.511493397436 0.3569033364148991
1377.200031914335 0.3498644893781396
1380.7965311845683 0.3970375516570066
1384.0404636791593 0.4270284806630997
1387.6050477513631 0.3300937415428806
1391.6187872121284 0.2655607297324512
1395.6960997826452 0.3226138807798448
1399.2358577539244 0.4352452166602342
1402.5556209535537 0.379519887087117
1406.1753211854093 0.3574911642146726
1409.7187059912221 0.4025633395950647
1413.2339773525675 0.33391008363299163
1417.203075101342 0.29479059411877934
1421.0838657888105 0.3393425891823845
1424.6640973983456 0.41383023105501326
1427.886640835845 0.4117967528030965
1431.468840481184 0.340706550452962
1435.3263441754834 0.3015703653047727
1439.2535316369172 0.33914356276331564
1442.783326033989 0.39058472039124226
1446.3684388884958 0.3550933513869869
1449.9818069842054 0.38464081079613915
1453.273250375635 0.4340488328707009
1456.822066253381 0.32402343435751113
1460.891899560681 0.2630457048113991
1464.9297395678404 0.32782184534167663
1468.4899836465443 0.42977043263921666
1471.7463088018928 0.3930378595046111
1475.348074464782 0.3516450681968432
1479.0008350174912 0.3689544533402328
1482.5781394120936 0.3485390186462683
1486.4199441642163 0.31467857738346655
1490.2350024118525 0.3431240417991125
1493.8202978870443 0.4082735953771651
1497.0444459777266 0.4173001274103795
1500.6209670332616 0.337064899690217
1504.5391710483934 0.2846945972013722
1508.5631189368166 0.32709869799230246
1512.0718399377051 0.4193098840862043
1515.5450359579945 0.362347610414182
1519.1717662255742 0.37162616314570635
1522.5484670173148 0.4332603479711973
1526.071965330934 0.32235309979925236
1530.1424035523269 0.27220034081042144
1534.1157881651986 0.3333303961323138
1537.6859172040786 0.4227684566088044
1540.917692803394 0.4023418845657201
1544.508308370109 0.3469885875715694
1548.2524296470765 0.338045708748752
1551.954559657901 0.35597126246848754
1555.6482752269742 0.3396740966472984
1559.387570352802 0.3472451754777714
1562.978592694157 0.40192075132663796
1566.2111470012321 0.4231334071210544
1569.7808201219568 0.3330703049531912
1573.7577221056915 0.27152451520734205
1577.829670245211 0.32226295573757907
1581.35455756128 0.4336768058300161
1584.7257743591194 0.37228505280513635
1588.3520884214586 0.3618688092624115
1591.8314745860725 0.4180313450982689
1595.3400532564326 0.3275908088498571
1599.3598768614227 0.2855398835409472
1603.2747762415077 0.3372733140369704
1606.8516313526559 0.4169901836187421
1610.075538077861 0.40859613719113985
1613.6605451648547 0.3429083500161388
1617.4794744116662 0.31344785893735566
1621.3293078492163 0.3477688939008271
1624.9012822999944 0.37083954694420185
1628.5483723529005 0.3519254900904335
1632.1510668298283 0.39236376031946557
1635.4097479424497 0.4301921551191441
1638.9692102211784 0.32746257672704215
1643.0105460677082 0.26280519136413993
1647.078436436983 0.3243075807877534
1650.6284971312173 0.43375218606208754
1653.916097097051 0.38542593844483786
1657.5284161349396 0.354758024281479
1661.119773265707 0.3886869908876935
1664.6526033300297 0.3399869360157537
1668.572845041049 0.302656179158299
1672.4267167453831 0.34091734916442407
1676.0091920130085 0.4114907609351097
1679.2317893888767 0.4141364273694594
1682.8117040693535 0.33914256341366744
1686.69587409306 0.29383508711305933
1690.6706151689953 0.3331963094263031
1694.1844836290068 0.40424129682054394
1697.7216144093272 0.35787800482470883
1701.342137846993 0.37877806557238236
1704.6665112522362 0.4352899327322481
1708.2048314348046 0.32248043086771977
1712.2824764556435 0.266048707191242
1716.2925772784527 0.3304110918015255
1719.8577143146167 0.42663292742007225
1723.100201278102 0.39757040593547055
1726.6960424716424 0.3496068371207927
1730.3896898153725 0.3551687970709602
1734.0136667805552 0.35340743638986905
1737.7930439577917 0.32450828030648715
1741.5777801158938 0.3447912423633107
1745.1653512603696 0.40574221007068717
1748.3920224221638 0.41968616024285543
1751.9658980269744 0.33544312546537935
1755.9090118170316 0.27865176759095905
1759.9592359205146 0.32415028489579223
1763.4723396391853 0.42737268975041526
1766.8999636474955 0.3662536499092331
1770.5283330146478 0.36701090670571934
1773.948036049629 0.42851633891817453
1777.4624233175073 0.3237628051302268
1781.5164622426812 0.2776289912201452
1785.464063423051 0.33514142364994676
1789.0374175983031 0.42013168519713956
1792.2646868097672 0.40526237672379206
1795.8526800654017 0.3451074598185214
1799.6316215760485 0.32641796308221477
1803.3993849895198 0.35406236609285485
1807.0330108278715 0.35275079864326836
1810.7337730306112 0.3492460838985982
1814.3287379469932 0.3982966059037198
1817.5693336160484 0.4260824923449559
1821.135220170721 0.33084775124376703
1825.140204565224 0.2667759851376424
1829.2179894811948 0.32232802902150837
1832.7542634698275 0.43528624948427985
1836.0852865453762 0.37774571840973975
1839.7069071612357 0.35843690604039286
1843.2352248689497 0.40654876865886713
1846.7474200448967 0.33222475963300135
1850.7298485378053 0.29251086833316764
1854.618748734717 0.3388613165978814
1858.1982083417004 0.414569139859533
1861.4209074618966 0.4110578756597421
1865.0037656974046 0.34121720663687244
1868.852454115952 0.3042180994538402
1872.7626271673232 0.34119112934902013
1876.3001440836174 0.3859810719181228
1879.900272092366 0.35429526864868044
1883.5110884772453 0.38653226529137036
1886.7934801168792 0.43329237559456285
1890.345228725761 0.3247355690499447
1894.4100196911058 0.26253994284275556
1898.4561601455348 0.3269532050582833
1902.0144470938221 0.43078539846041575
1905.2767036498028 0.39138063369684356
1908.880764445265 0.35232854992356916
1912.5197168217214 0.37352771612724256
1916.0845050480777 0.34664362588572323
1919.9455811929288 0.31173001411738727
1923.7699479801206 0.34260375243918917
1927.3545547829071 0.4090477709079957
1930.5781558664437 0.4165532247570872
1934.155481746493 0.33756498827820736
1938.0657130883553 0.2867503143339241
1942.0794619988155 0.32832513429543003
1945.588050514322 0.4161485391438729
1949.0762121617283 0.36120857904483655
1952.7018647819095 0.37323144982639944
1956.0654603895491 0.4341802493926804
1959.5923513064179 0.32217427721365327
1963.6661466461028 0.2705933684936127
1967.6480465339669 0.33269431218957146
1971.2170677388835 0.42365311247186344
1974.4508065060206 0.4013116988847698
1978.0424358841653 0.3476073621655648
1981.7748767453381 0.34199196156844025
1985.4569664149608 0.35586995558884915
1989.1710099192107 0.3358035354334434
1992.9217933269524 0.3466323970517272
1996.5118718146844 0.4029141081548126
1999.7426422013752 0.4222655292619077
2003.313397109543 0.3336838906721521
2007.281922905083 0.27316086492529673
2011.3499892869866 0.3225163823090041
2014.871607868902 0.43259759521128155
2018.256044546621 0.37072630463018913
2021.8832795398255 0.36302906724466777
2025.3479079942524 0.4210099674414581
2028.8570196639469 0.3264531716652394
2032.8864577417992 0.2835354276889625
2036.809257505915 0.33677239110450485
2040.3853112657791 0.4177325326095244
2043.609830058583 0.4078207365814448
2047.1955332016119 0.34342466140131533
2051.0051702449105 0.3164124437261914
2054.835717886501 0.3495686863652326
2058.42076486396 0.3663579340390353
2062.0812946465617 0.35126075752173447
2065.681824571188 0.39394503049187923
2068.935101142266 0.4291841646713137
2072.496369810626 0.32831727257637433
2076.5292464087215 0.2634483974981701
2080.601428817065 0.3236566189235049
2084.148448955088 0.4344169113346496
2087.4454458205446 0.3835492099119311
2091.0602438797514 0.3555711942361694
2094.636628431352 0.3931947950269373
2098.1625806256284 0.33798752094229867
2102.0991730796077 0.30008672827279165
2105.9616795687975 0.3404153486655612
2109.5434873845497 0.4122226161291217
2112.7659796915323 0.4134039932772707
2116.346644164596 0.33962302641587966
2120.2226791518474 0.29614808334392545
2124.1836314379098 0.33493925490502385
2127.7011754426762 0.40016695915883627
2131.253290035959 0.3569641270562845
2134.871781341383 0.3805678459349088
2138.185262364177 0.4351199469480023
2141.727000985647 0.3228349158660081
2145.8035172203195 0.26492201773493596
2149.8223405056965 0.3296402371035093
2153.386118367303 0.4275877571122969
2156.632226058568 0.3962673688259812
2160.229697374169 0.3502271408667298
2163.911009383575 0.3593530879576081
2167.5193433236395 0.3521092754096532
2171.318359751922 0.3213483790234848
2175.112744204491 0.34426362087767526
2178.6995998635957 0.40654496733515894
2181.9253546854834 0.4189364989675504
2185.5000847651663 0.3359526277364911
2189.4355173792196 0.28045083871592724
2193.478555510166 0.3249150912746913
2196.9897649741347 0.42519318293819797
2200.4311826372877 0.3649943278490349
2204.059339716658 0.3683620664929132
2207.4655570538685 0.4302760408396822
2210.982431627427 0.3231921215536071
2215.0424226233135 0.2759040273351268
2218.9978212442657 0.3346090616289503
2222.570233062275 0.42091804347190065
2225.798661895207 0.40440875276177535
2229.3874017298904 0.34566924873349364
2233.156021572363 0.32983926494514443
2236.9035219814923 0.35498980617306414
2240.5546841745067 0.3486194800591944
2244.2675967049086 0.3486242176407027
2247.8611736993475 0.39949448041285807
2251.098850580101 0.42514557060688885
2254.6659713150057 0.3315765298802647
2258.6621292525415 0.26813654395010267
2262.739273989519 0.32216381649091597
2266.2719695127953 0.43508477880855234
2269.614940770901 0.3759924625202942
2273.238284504084 0.3594459172868708
2276.751326927168 0.4103828990677324
2280.261412044534 0.3306382240733722
2284.256454226172 0.2902712693699094
2288.1534905827198 0.33837311431071904
2291.7321448398843 0.41532188895801875
2294.9550973112255 0.41030169104686426
2298.53861262163 0.3417425455708443
2302.3781627989983 0.3070060353485542
2306.2701954542986 0.3432954609766228
2309.8169676092803 0.38123907919063815
2313.4321413114226 0.35352035180016245
2317.0403317665196 0.388429702733509
2320.3143349177517 0.43240030546105934
2323.8688023215864 0.32554049864776874
2327.927284438738 0.26230086870263913
2331.981264017515 0.3260762375912191
2335.5372957966056 0.43179371667690547
2338.8064759518843 0.38959491185308587
2342.413036399578 0.35305045556189774
2346.037513788982 0.3782503984864758
2349.5908219124863 0.34460880933038573
2353.4710784678077 0.30880497229721227
2357.30480438167 0.3420747483242724
2360.88873527394 0.40982140986162624
2364.1119015995614 0.41579649443680705
2367.690043931207 0.338063777843193
2371.592175050295 0.28889487287930765
2375.5947038482554 0.32970497168661034
2379.1039406968152 0.4126816471878677
2382.607376906588 0.36010818540265827
2386.2316862679454 0.3749127922368855
2389.582448260501 0.4348237452728904
2393.1128904109323 0.32212642361722527
2397.1890756437956 0.2690516062626888
2401.1797119925095 0.33201771331098995
2404.7475783303817 0.424565363900017
2407.9836251805664 0.40021361662050897
2411.576407324878 0.34823303593890514
2415.2968832068127 0.34604954896660606
2418.959628779885 0.35542770759153536
2422.694280389779 0.3320779357393923
2426.456183820784 0.3460333265320206
2430.045415456622 0.4038506336886215
2433.2746712463795 0.4214263359413002
2436.846462598133 0.3342630027352411
2440.806838316362 0.27483938184134216
2444.870178160584 0.32289464641476406
2448.3887819678575 0.43124954790697145
2451.7865965951164 0.36924612992165523
2455.414483713599 0.36422706488121376
2458.8647085847783 0.42368032853738335
2462.3749524557106 0.3254620844258897
2466.413050263785 0.28161231608421516
2470.3436523045307 0.3362687716014566
2473.918897997081 0.41847263276631763
2477.1441417115493 0.40703874636943893
2480.7305521666053 0.34393958937989955
2484.530844747991 0.3194270573409993
2488.3420271705445 0.35119230420486675
2491.941103581755 0.36201137839800435
2495.614553488204 0.3506195617894494
2499.2131368734217 0.3954074015017095
2502.4617926336036 0.42819475716025013
2506.0246572309825 0.32914198204194745
2510.0489092053194 0.26429911707479753
2514.124134495748 0.3231153678843551
2517.667948142821 0.4349088740473307
2520.974915599542 0.3817033166089031
2524.5920413445933 0.35641650185445595
2528.153488416966 0.3975381160207751
2531.673888201122 0.33608017298219894
2535.6257777108713 0.29763233853031584
2539.49666969705 0.339925111642235
2543.077784068257 0.41294948486406596
2546.3002518552007 0.41267688752995724
2549.8816300467624 0.34010792596054196
2553.7494004473633 0.29854114133825677
2557.695667803577 0.33678441037232437
2561.2180044290544 0.3959278728154525
2564.785054748249 0.3560951000009189
2568.401326681847 0.38239195341816984
2571.7044869608308 0.4347457671292066
2575.2495214524447 0.3233052780265472
2579.323748089595 0.26395767842482976
2583.3512485656765 0.32883637673196936
2586.9135355454405 0.42856349718121645
2590.163842014914 0.3948716915575262
2593.7631310227252 0.350857973567696
2597.4317859081925 0.36362811294088
2601.0254852908133 0.350604832704075
2604.843947244132 0.3182882665932476
2608.647758432413 0.3437461070201158
2612.2339024727066 0.4073332217604527
2615.4588608457184 0.4181948064759853
2619.034411578248 0.3364580881259316
2622.9620965056697 0.2823246137126048
2626.997054559842 0.32581710723386376
2630.5068100394096 0.42271435052718026
2633.962396483091 0.3637731493640179
2637.590070571326 0.3697922212932983
2640.9828517348874 0.43178626036382145
2644.502553342107 0.3227383692992428
2648.567761089395 0.27420539451239373
2652.5311684981443 0.3340494894373034
2656.102576723677 0.42173769333323885
2659.3323718412535 0.4035055784653039
2662.921911593279 0.3462560794615649
2666.6796913901044 0.33345684915523455
2670.406600041306 0.35563239006059205
2674.076501828264 0.34451666655850416
2677.8014936825793 0.34799787971431184
2681.393826061547 0.4006335901952402
2684.628964135006 0.42422023794794
2688.1972693792763 0.3322761851592287
2692.184607007766 0.26962054950045217
2696.2600152413656 0.32212881602518595
2699.789112197599 0.4346149696969952
2703.1446467142396 0.37427402187281406
2706.7694903991605 0.36051590329412087
2710.267169624191 0.41401598872274725
2713.776064323503 0.3291698284310145
2717.7829194712426 0.2880805929328037
2721.6881018858057 0.3378769436887053
2725.2659367316037 0.4160813309164678
2728.489252858123 0.4095314301844252
2732.0734358101818 0.3422740515437853
2735.903648228531 0.3098982052694529
2739.776736180754 0.34538528554280684
2743.334216731121 0.37646464398480695
2746.964197246032 0.35277495321798635
2750.569799653458 0.3902785127772756
2753.836263246452 0.4314186014794256
2757.3931778192286 0.32640425325960765
2761.4442912504956 0.26235692309803843
2765.5052812868867 0.32522926150874487
2769.058757061862 0.43274850480687144
2772.3358196524546 0.38771985146287696
2775.944998047009 0.35380821454772354
2779.554534834549 0.3830296369653823
2783.0976538351815 0.34250282170501306
2786.9966127921543 0.3059446597420959
2790.8396253741425 0.3415440491132538
2794.4228933324625 0.4105875252317223
2797.6457383424786 0.41503800175054945
2801.2246977508867 0.33855735803660325
2805.118676191933 0.29110716475642834
2809.109070585423 0.33122119276932344
2812.6198373277575 0.4089638425362313
2816.138633891569 0.3590596367708432
2819.7613553911815 0.37664758952460414
2823.0997627039355 0.43519065665270473
2826.6338087985546 0.3222106871170317
2830.711323858145 0.2676098919431051
2834.7108000185954 0.33130605058461504
2838.2774639978943 0.42549620691384993
2841.516190562764 0.3990516202979233
2845.1102717979206 0.34885825780061186
2848.818629302869 0.35016817467009664
2852.463061455476 0.3546726106174297
2856.218217246893 0.3285321116287155
2859.9907720687775 0.34545534583207094
2863.5792270407915 0.40473438881607227
2866.807198766444 0.42061917659999803
2870.379971655996 0.334811596843231
2874.3324229492005 0.276548038677389
2878.390265330777 0.32339266123057947
2881.906164982302 0.429644750350152
2885.3174356595355 0.36784628748200815
2888.9457039744284 0.3654619839776557
2892.381905733879 0.42604496596290214
2895.8937785052926 0.3246125874187119
2899.9396138417555 0.2797677621549789
2903.877932977675 0.3357621489327795
2907.4523473837326 0.4192163473964437
2910.678431252202 0.4062459492203775
2914.2655548277703 0.34445993910555217
2918.056352637575 0.32251997348131445
2921.848030174425 0.3526214707950695
2925.462109726919 0.35777465434278594
2929.148079656028 0.34999362226716907
2932.7449189038243 0.39676601508250964
2935.9896067330637 0.4272273415934012
2939.5539076296654 0.329933121291915
2943.569463231184 0.2653266546929793
2947.646536199634 0.32268822497958893
2951.1870056863822 0.43520871726927035
2954.504503721495 0.3798926648288319
2958.1237798935563 0.35730116535418444
2961.6702837080243 0.40171429044359547
2965.186324160736 0.3342734537786326
2969.15254791732 0.2952723311927019
2973.031645007488 0.33944259059881116
2976.6120325867028 0.4136777954210141
2979.8345545740353 0.4119490519535733
2983.4166152502153 0.34060209605625524
2987.2759153363595 0.3010360066715315
2991.2065023114073 0.33872743936996236
2994.734871672069 0.39152279720870053
2998.316867026192 0.35526275589183115
3001.930751099882 0.3842500258925925
3005.2241541802673 0.43418672655190327
3008.772335877534 0.3238882750821326
3012.8430571630065 0.2631809249122326
3016.87913332743 0.3279997948504246
3020.4397520553944 0.4295605023687669
3023.6949566361986 0.3933665094666006
3027.296272527692 0.35150684893038775
3030.9518282734853 0.36802200023007775
3034.53185920136 0.3489132381309938
3038.3696479366 0.3152958918575977
3042.182771849256 0.34323148977270507
3045.7682123487607 0.40811214389493045
3048.9924883764006 0.41745464353840106
3052.5688426828306 0.3369605843259507
3056.488691241155 0.2842775927825781
3060.5146366739777 0.3268624826504135
3064.023472405409 0.41992881165819856
3067.493596590293 0.3625893860439766
3071.1205174938195 0.3713018975415357
3074.49997259459 0.43303438623332174
3078.0227907168423 0.3224064539335283
3082.0924161862094 0.2725414109512251
3086.064057537362 0.33345797730639265
3089.634411675972 0.42258784086685597
3092.865817421155 0.40254842930318924
3096.4562371427437 0.3468609873949603
3100.202749840941 0.33724006686454383
3103.9091172296307 0.3559486302601705
3107.5986596070866 0.3404966367613445
3111.335520433429 0.3473741123151127
3114.9267542422635 0.40170598551797654
3118.159718365063 0.4233177720467589
3121.7291606011318 0.3329376930827335
3125.7078370629883 0.2711899468892156
3129.780481087783 0.3222262336260215
3133.306076297649 0.43386724402989457
3136.674564098393 0.3726197285066526
3140.3006525654528 0.36163174070998744
3143.783157267967 0.41737159240539645
3147.291710444114 0.32784685233426186
3151.309406001587 0.2859683547121845
3155.2226445678393 0.3373774513797802
3158.799667250173 0.41683462801324717
3162.023460527673 0.4087573357738013
3165.608324245315 0.34279999082133544
3169.4291918679146 0.31283398678304597
3173.283038959135 0.3473732761551476
3176.8524102982046 0.37179263861750855
3180.4966224931964 0.35206790429045304
3184.0997960290406 0.39201808704671776
3187.3597153662963 0.43040372626691703
3190.918769339322 0.327281450499614
3194.961834223111 0.2627005875796431
3199.02866894945 0.3244564292004251
3202.5793398568635 0.4335937980938854
3205.865056700589 0.3858201030598042
3209.4768433840172 0.3545919596265142
3213.0713280546984 0.3877273700203964
3216.60577170017 0.3404139082259338
3220.522465293543 0.30320807795427923
3224.3745000527347 0.34102375575765553
3227.9571122862585 0.411336886965917
3231.1797423587204 0.414290325815779
3234.759496068573 0.33904238267730363
3238.645354062953 0.29336073568428583
3242.6228672544157 0.3328457687892437
3246.136100050442 0.4050705853645548
3249.670093126444 0.3580751101714718
3253.2910157088704 0.3784087664092706
3256.6177361349864 0.43529771826185093
3260.1553301553854 0.3224213727661433
3264.2330685998427 0.26630249026899805
3268.241346098614 0.33056795618905194
3271.806753701926 0.42643604591583156
3275.0485484787077 0.39783215147509216
3278.644071009871 0.3494781284507158
3282.3402620488514 0.3543045662105616
3285.967635952255 0.35365021477507286
3289.7428839229783 0.3251834141774582
3293.525568565489 0.3449032499212088
3297.1132897097978 0.40557217129427664
3300.340168464192 0.41984427830519716
3303.913860161683 0.3353359755447731
3307.858572994635 0.2782848642565024
3311.910189009139 0.32400721655147086
3315.423736367237 0.427791208861433
3318.8485253602366 0.3665217157722743
3322.476905167196 0.3667383247725575
3325.8994283268084 0.4281183537960827
3329.413342972572 0.32389637921622444
3333.4660502360466 0.2779922992874955
3337.4120466320815 0.3352496812125491
3340.985589174892 0.41997171784337844
3344.21263895251 0.4054349247059204
3347.8004808174005 0.34499370442992816
3351.5815079134827 0.32572967484134047
3355.3534334033225 0.35383765816315044
3358.9835675729632 0.3536128459828967
3362.6817939151297 0.3493749321362908
3366.2770657812753 0.398039886077435
3369.5183196203084 0.42627857833003696
3373.0839415903565 0.33069287866587077
3377.0907552785075 0.26651058633528313
3381.1685337293084 0.32237775668909235
3384.7055422659428 0.435296726676047
3388.034165054533 0.37811341822397027
3391.6554015668253 0.3582349928258032
3395.1868733179235 0.40573077498884935
3398.6996275229426 0.33256779782494067
3402.679339984397 0.292981909226117
3406.5665511342395 0.3389619306998511
3410.1461746282143 0.41441412216017676
3413.3688337781828 0.411213048622739
3416.9515555436433 0.3411095491064822
3420.8021073423215 0.3036549439943486
3424.7159201507448 0.34075851390897144
3428.251704506526 0.38695310343204914
3431.848698749977 0.3544595668220681
3435.4600553654404 0.38613669073293067
3438.744281833865 0.43346218243452556
3442.2954357569447 0.32457891457000787
3446.361383664667 0.26262460657388936
3450.405823742863 0.3271356692273325
3453.9645415540335 0.4305735129335142
3457.225483608725 0.39173679888000584
3460.829048117562 0.35218320658037583
3464.470932129406 0.37256177676043345
3468.0382471551757 0.34705125753725347
3471.8953111105275 0.3123425001208317
3475.7177344191077 0.3427128469425808
3479.3024836103414 0.4088865494267726
3482.526189436318 0.4167096144000381
3486.1033467957627 0.33746090260948886
3490.0152497905865 0.28631467006582945
3494.0312073676587 0.32805694706463706
3497.5397630918624 0.4168328800595275
3501.0247786955474 0.361442834169857
3504.650677910074 0.37289051384457694
3508.0169849860663 0.43401129655945436
3511.5431535972652 0.32220085194792086
3515.6163263256394 0.2709234925588531
3519.5964327950505 0.33283012267342105
3523.165688517971 0.42346646881771316
3526.398991421683 0.4015317421733027
3529.9903988573956 0.3474777473694927
3533.7252984776997 0.3411598549457804
3537.4115139900828 0.35591962707339564
3541.12129055149 0.3365985134020533
3544.869709469526 0.34675906768393094
3548.4599755899167 0.40271213172455217
3551.6910938347087 0.42244394793004736
3555.261627044641 0.3335591046098289
3559.231878271858 0.2728162486326757
3563.3008249881627 0.32245317870460105
3566.82310518496 0.43284475439316533
3570.204773708464 0.3710444417255422
3573.8318390208083 0.3627843539878561
3577.2995119425473 0.42041520992829146
3580.8084596838667 0.3266778060969919
3584.835975791521 0.28394595982377036
3588.7571391713177 0.3368768979592778
3592.333359815716 0.4175783435291174
3595.557741901056 0.4079825888095012
3599.143299043306 0.34331748469028317
3602.9548721219776 0.3157919041737482
3606.789440250969 0.3492078687931895
3610.37168638635 0.3672791740597105
3614.029464672844 0.35139691733159223
3617.6304270270944 0.3936260275840629
3620.8847597052804 0.4293927493547838
3624.445671447067 0.32814155662643424
3628.4803272510235 0.2632962158293882
3632.5517205283277 0.32378331323672654
3636.099388394562 0.434292079544647
3639.3943804228443 0.3839376942033462
3643.0086736931685 0.3553994542257248
