65.0 3.6423652756825424
0.0 0.35597881128974557
3.6880926080001206 0.34205853913995615
1.133511444122143 0.3482474615314232
4.733695452608158 0.39287360705819246
1.7770484201745393 0.4124209693340569
5.34944494849972 0.335711363759913
2.984536950316553 0.2916072527990274
0.6559499703088107 0.3332882398367449
4.196243173485804 0.41118844891915446
1.3619474590883272 0.3699193468347503
4.983667954108576 0.3629001493556954
2.218067822275593 0.39961035289964186
5.758041020600942 0.3378884020720161
3.3936679651388175 0.29973748891786534
0.990420866014297 0.33852798041683846
4.57058917822166 0.40833078212988994
1.6024848430289893 0.39859304089690306
5.195985683107111 0.34477250986308516
2.697628058610647 0.32524880508578946
0.18929126668333396 0.35281276877816775
3.801678660268813 0.3613427937725736
1.1832098793830852 0.35219016481052223
4.791171532680892 0.3860531747492221
1.8577308631717884 0.41556673171912795
5.420522307669323 0.33321472123964707
3.0863040905294667 0.2869608963586876
0.7674613851344461 0.331914578813807
4.31804369777668 0.4160539213649297
1.4264478652819435 0.3778474050712298
5.042868797886101 0.35709250221426364
2.3505216385918075 0.382248859910399
5.911023884681121 0.34515120784407827
3.4862223685281464 0.3107530493903924
1.0393596947608543 0.34148030750535363
4.626259935393428 0.40379916144948674
1.6546406382190355 0.40359533007912884
5.241816782880903 0.34161100243644493
2.792958938812099 0.31128954383018537
0.36506250215812486 0.3454933747424844
3.9270635103839453 0.3814153356274535
1.2378590445151403 0.3568692422682217
4.853964332645596 0.37819595291945896
1.9602579937726432 0.4161274602398477
5.511359742659209 0.3319218057470529
3.1923586004222457 0.2868567562112571
0.8591854964029011 0.33312497952189574
4.42151191821101 0.41566094846367335
1.4894124632742134 0.3857328718224524
5.097731882825364 0.3523735636472022
2.476347515399709 0.3622079450485668
6.085979221299482 0.3525546689947559
3.5813441702755497 0.32459017404597806
1.0852429548825597 0.3446311260982733
4.678470675837289 0.39882009127265144
1.7100691777780455 0.40814409858638634
5.290543225909623 0.33865194955923417
2.8855281278405585 0.30015310644267756
0.5190473755143685 0.33815554918943763
4.059396390086654 0.39896723907243886
1.2969011649728799 0.36262537611387397
4.918493080710036 0.3702459031062251
2.0814519062243946 0.41153310677260097
5.622056478473404 0.33316372279786194
3.294427763578625 0.2913285713192463
0.9310321111622741 0.3355941994465599
