65.0 3.6499335957005425 0.0
0.0 0.35662488783383417
3.649933595700543 0.35662488783383417
7.299867191401085 0.35662488783383417
10.949800787101628 0.35662488783383417
14.59973438280217 0.35662488783383417
18.24966797850271 0.35662488783383417
21.899601574203256 0.35662488783383417
25.5495351699038 0.35662488783383417
29.199468765604337 0.35662488783383417
32.84940236130488 0.35662488783383417
36.49933595700542 0.35662488783383417
40.149269552705974 0.35662488783383417
43.799203148406534 0.35662488783383417
47.44913674410709 0.35662488783383417
51.099070339807646 0.35662488783383417
54.7490039355082 0.35662488783383417
58.39893753120876 0.35662488783383417
62.04887112690932 0.35662488783383417
65.69880472260988 0.35662488783383417
69.34873831831042 0.35662488783383417
72.99867191401098 0.35662488783383417
76.64860550971154 0.35662488783383417
80.29853910541209 0.35662488783383417
83.94847270111265 0.35662488783383417
87.59840629681321 0.35662488783383417
91.24833989251377 0.35662488783383417
94.89827348821433 0.35662488783383417
98.54820708391487 0.35662488783383417
102.19814067961545 0.35662488783383417
105.848074275316 0.35662488783383417
109.49800787101654 0.35662488783383417
113.14794146671711 0.35662488783383417
116.79787506241767 0.35662488783383417
120.44780865811823 0.35662488783383417
124.0977422538188 0.35662488783383417
127.74767584951934 0.35662488783383417
131.3976094452199 0.35662488783383417
135.04754304092046 0.35662488783383417
138.697476636621 0.35662488783383417
142.34741023232155 0.35662488783383417
145.9973438280221 0.35662488783383417
149.64727742372264 0.35662488783383417
153.29721101942323 0.35662488783383417
156.94714461512376 0.35662488783383417
160.59707821082432 0.35662488783383417
164.2470118065249 0.35662488783383417
167.89694540222544 0.35662488783383417
171.54687899792603 0.35662488783383417
175.19681259362656 0.35662488783383417
178.8467461893271 0.35662488783383417
182.49667978502768 0.35662488783383417
186.14661338072824 0.35662488783383417
189.7965469764288 0.35662488783383417
193.44648057212936 0.35662488783383417
197.0964141678299 0.35662488783383417
200.74634776353048 0.35662488783383417
204.396281359231 0.35662488783383417
208.04621495493157 0.35662488783383417
211.69614855063213 0.35662488783383417
215.3460821463327 0.35662488783383417
218.99601574203322 0.35662488783383417
222.6459493377338 0.35662488783383417
226.29588293343434 0.35662488783383417
229.94581652913493 0.35662488783383417
233.59575012483546 0.35662488783383417
