65.0 3.6499335957005425
0.0 0.35662488783383417
3.649933595700543 0.35662488783383417
1.0166818842214989 0.35662488783383417
4.666615479922042 0.35662488783383417
2.0333637684429977 0.35662488783383417
5.683297364143538 0.35662488783383417
3.0500456526644975 0.35662488783383417
0.4167939411854533 0.35662488783383417
4.066727536885992 0.35662488783383417
1.4334758254069513 0.35662488783383417
5.08340942110749 0.35662488783383417
2.4501577096284564 0.35662488783383417
6.100091305329016 0.35662488783383417
3.46683959384999 0.35662488783383417
0.8335878823709564 0.35662488783383417
4.483521478071509 0.35662488783383417
1.8502697665924828 0.35662488783383417
5.500203362293043 0.35662488783383417
2.8669516508140163 0.35662488783383417
0.23369993933497568 0.35662488783383417
3.8836335350355355 0.35662488783383417
1.2503818235565092 0.35662488783383417
4.900315419257055 0.35662488783383417
2.2670637077780285 0.35662488783383417
5.916997303478588 0.35662488783383417
3.283745591999562 0.35662488783383417
0.6504938805205356 0.35662488783383417
4.300427476221081 0.35662488783383417
1.667175764742069 0.35662488783383417
5.317109360442615 0.35662488783383417
2.683857648963574 0.35662488783383417
0.05060593748456199 0.35662488783383417
3.700539533185122 0.35662488783383417
1.0672878217060955 0.35662488783383417
4.717221417406655 0.35662488783383417
2.0839697059276148 0.35662488783383417
5.733903301628175 0.35662488783383417
3.1006515901491483 0.35662488783383417
0.46739987867009347 0.35662488783383417
4.117333474370653 0.35662488783383417
1.484081762891627 0.35662488783383417
5.134015358592158 0.35662488783383417
2.5007636471131605 0.35662488783383417
6.150697242813692 0.35662488783383417
3.5174455313346655 0.35662488783383417
0.8841938198556676 0.35662488783383417
4.534127415556199 0.35662488783383417
1.900875704077201 0.35662488783383417
5.5508092997777325 0.35662488783383417
2.9175575882986777 0.35662488783383417
0.2843058768196798 0.35662488783383417
3.9342394725202396 0.35662488783383417
1.3009877610412133 0.35662488783383417
4.950921356741773 0.35662488783383417
2.3176696452627183 0.35662488783383417
5.967603240963307 0.35662488783383417
3.334351529484252 0.35662488783383417
0.7010998180052255 0.35662488783383417
4.351033413705785 0.35662488783383417
1.717781702226759 0.35662488783383417
5.36771529792729 0.35662488783383417
2.7344635864482925 0.35662488783383417
0.10121187496923767 0.35662488783383417
3.751145470669826 0.35662488783383417
1.1178937591907712 0.35662488783383417
