65.0 3.6430690936048755 0.004
0.0 0.35662488783383417
3.694620328185224 0.33951487344092796
7.427570885996169 0.3500816397627463
10.986402116140981 0.4123450771746378
14.196300814087069 0.4187549829039078
17.751131787923292 0.34482332606634986
21.576101353215925 0.3095754597164526
25.452298142811063 0.34527090426673684
29.003325382617632 0.37846817371555996
32.62317382934739 0.3549226204688593
36.208286787886024 0.3967575598832087
39.450957498997006 0.42933745067554546
43.005650364575715 0.33141054721399205
47.01170332242025 0.2666906376796504
51.084783006032254 0.323259618502584
54.61805200579584 0.43598156375597286
57.94298705557551 0.37905466011746713
61.55409115247242 0.36155718898393463
65.05025657452106 0.4140409846122426
68.55649629181269 0.32985925516015674
72.55915572771325 0.28875931103880964
76.45775380702534 0.33982940360645525
80.01501221083595 0.4221514471572696
83.23235221102823 0.4073400791420246
86.8003859503925 0.3513959609021166
90.49933744131748 0.35151217474859203
94.13747854958866 0.3550601363065033
97.8936262304571 0.32847817621480235
101.65995722590299 0.3480984809652145
105.21868029549712 0.4142438984366749
108.4283670216 0.416655364204454
111.98555567168427 0.3461358317908477
115.78631426151716 0.3172755681825411
119.61227662481915 0.3502524396730864
123.19579531926568 0.3664430541022257
126.85163266405435 0.3532462117824254
130.4294554486698 0.4014770534702392
133.65903278579174 0.4262003476569186
137.21604608500897 0.3348361725663648
141.18167990349534 0.27341439654956456
145.2463764445922 0.3231700992768787
148.76480393521618 0.4331528438782243
152.14644799728308 0.3715958907281699
155.76334802796055 0.3665193751516154
159.19565972642508 0.4266942632793834
162.70476761091152 0.32512426631103436
166.74815842273688 0.2799574132210684
170.68288896190387 0.33720248128277897
174.24059706667484 0.42413283802047363
177.4635843723281 0.40441820750034
181.03681629521952 0.3521952681553045
184.71578547801596 0.358517697774975
188.32622484617946 0.35307368451174
192.1162619253384 0.32292030556465773
195.8997043211156 0.3470662753642778
199.45846352830878 0.4151841438112758
202.66839181929154 0.41556987147252744
206.22690207299271 0.3467539426971987
210.01582448534288 0.32113999646602487
213.8170506428722 0.35226828847048547
217.41883707483584 0.3609238896135405
221.0908542132484 0.3524949394639112
224.6656505966171 0.4034759342697035
227.89064967434592 0.4247844184110864
231.44827768173042 0.3364117755863199
