101.0 3.6430690936048755
0.0 0.35597881128974557
3.6979120895269624 0.3388570852843427
1.156442131762505 0.3471166587892765
4.747258480876242 0.4021326885554893
1.696231467742889 0.4229503065535571
5.266133510149338 0.33320118979887575
2.958086286181423 0.2718613475765084
0.7461136278901321 0.32230525623366635
4.270301820880366 0.43347449697370205
1.36107110693613 0.3719538710373651
4.987599098827559 0.36210742704889054
2.180697079491921 0.4186774232935322
5.689332048367348 0.3273414472988646
3.4280542470365774 0.28511532712474025
1.061423358560333 0.3371691360229836
4.6381113018981495 0.4171453302649216
1.5789509891696767 0.4084349071497113
5.16410199392147 0.3430163492920333
2.6979097353968484 0.3140626527324017
0.26054386312103617 0.34815752745437484
3.8351627579877956 0.3698935479156749
1.20191656178541 0.3517845791699636
4.804141740094806 0.39270365233316823
1.7784399498849055 0.4299810149836163
5.338298740163289 0.3276427447260743
3.094707121605623 0.26292034789153385
0.8804116170086402 0.32416322316876367
4.429853892367412 0.4339039273859054
1.4361775289854535 0.3850328052832693
5.049023835665508 0.35492513276880605
2.354071813606886 0.3896394568588921
5.885352610576483 0.33956343433081443
3.5259066935111747 0.3021103438498151
1.0984158632168786 0.34081162307117957
4.680753655371753 0.41164401984663695
1.6201368832126803 0.41398308424883995
5.200210864742672 0.33924260606335005
2.799506847267459 0.2943116117340069
0.4882579146831887 0.33355105958124354
4.002805603357146 0.4034056074998238
1.2598812117520524 0.3576834001970402
4.879997198618234 0.37914839664311273
1.9188665589878156 0.43527235730545455
5.457908078538111 0.3225446095025516
3.2522259153088626 0.265801436786599
0.9809619408145096 0.330253042626874
4.545824594244337 0.42683037358253895
1.5058385021951253 0.39730560953748106
5.1020051843165035 0.34973559242799096
2.5099169568005664 0.356034884855017
6.130547078007595 0.3531549372028227
3.630852329743483 0.3238396931756923
1.1344380880236855 0.3446800836361068
4.7218597332034875 0.405911086271164
1.665144093769662 0.4195288845292026
5.2392013402050495 0.3355498099202749
2.897532023137245 0.27902104797127036
0.6631440897235237 0.32429878529021045
4.175820588773952 0.42694235150081283
1.3231052601804123 0.3659877945947487
4.9514525844939925 0.36728629744713653
2.0851558638877847 0.42890328535660815
5.600031603881256 0.3236343678406873
3.372184602897761 0.2772673174825312
1.0382103912773246 0.3350323952089334
4.61137355205296 0.42029285119857124
1.5556839910052958 0.40508820510208415
5.143829726904968 0.3452222872571983
2.6374793940559798 0.3271142284896989
0.11787542192004707 0.3542766582041608
3.75504760017148 0.35188945713973896
1.1751578112904681 0.3491170538949646
4.769822034844459 0.3985507434292671
1.7265921301601708 0.42588675384392694
5.292740384133438 0.33100156922193397
3.012706640820788 0.2670477431864026
0.8072645071014506 0.3222835600643608
4.342799620515194 0.43526526187864584
1.39306815672672 0.3773788288003596
5.0150644130708955 0.358641620110576
2.2570328334123673 0.407360439856806
5.768710704911015 0.33188591301776066
3.4706396175773406 0.2920414309572676
1.0780451818693564 0.33876037603369086
4.657339390834807 0.414724806829674
1.5968974087963161 0.4109019075083928
5.179892068483902 0.3413255401199299
2.7435171410822505 0.3047875347765366
0.3668149013135391 0.34162638804744
3.9061316348092916 0.3850026957034261
1.2262104601396402 0.3541319277981123
4.836483160845631 0.3869282464268247
1.833882917866056 0.433116602394304
5.386217058712539 0.32489633236968457
3.1666100777832042 0.2624668704608308
0.9312462594695248 0.32677029135160063
4.489089224491828 0.43099710531329605
1.4695186156920386 0.3910187306734202
5.07408484294649 0.3524756070134419
2.426890242628623 0.37450051792289357
5.989195817089559 0.3462297754499595
