65.0 3.6499335957005425 0.003
0.0 0.35
3.7253918980035903 0.3325398568782041
7.563036500518187 0.3166481149971767
11.493031766416852 0.29714776159717804
15.549390545384702 0.2843988924240564
19.5007243960928 0.3373687327243313
23.018508932721613 0.4169968239002612
26.360797891880054 0.40681829697050387
29.669696391843615 0.4497572940112343
32.80431896909283 0.446399595276087
35.9714093371702 0.4740566054919517
38.9957435777735 0.472494800196608
41.98916348612007 0.5206471696919236
44.83617228955451 0.5296497380255903
47.525045503654454 0.5718082319710978
50.14126642385901 0.5974708547570156
52.79446734490425 0.5657494175413935
55.55155565719801 0.5114035743019211
58.44865588616204 0.5072030179025953
61.49229889162292 0.46580624008510024
64.54287262250135 0.4677315447011294
67.73835047456697 0.4401683962039053
70.90202636538208 0.4444585339685744
74.25424752218349 0.3920982749230868
77.69327448705647 0.40161945475620575
81.2260056475935 0.34069648487134374
85.1743909365942 0.2807378459047316
89.31717158978867 0.2666267169166787
93.67736750165676 0.2022298217670748
98.48727859088454 0.17616268899318765
103.1772036141167 0.20424344879588
107.62136920026941 0.25961296530526357
111.65997449365304 0.3156180017747785
115.46205277615984 0.338363117418003
119.25164042485909 0.318939492039374
123.20241015439281 0.2941343878035304
127.28259223835795 0.26560765688057625
131.7393229802134 0.18633740755598505
136.4266588388391 0.2207391045066261
140.78839884979905 0.25174415039812764
144.9320776814826 0.30673562632930956
148.63896139359082 0.3770059508834301
152.19633849079165 0.36018549344574907
155.8965697698021 0.3399494686954822
159.62345347639433 0.3506171920814557
163.27145051969595 0.3550535077573803
167.02390904539067 0.3220416040159891
170.92102403677305 0.30757423452541727
174.91495969998658 0.2830604490108278
179.1018082016984 0.2562877274880553
183.31271864111758 0.27383592137175156
187.43917839997405 0.26968736482120914
191.70348485703997 0.243956558258086
196.0205257536282 0.24983918715757922
200.44405682968085 0.19691360026332436
205.30284270725048 0.16827536634692875
210.04696244595712 0.19719158938503512
214.5495622777238 0.246491143500839
218.76135620687646 0.2677595159842997
222.9915326405087 0.2552990583033895
227.17408149889565 0.2859949021687874
231.1230705053283 0.3208926445677542
234.91217124828094 0.3411532731558289
238.6535642339155 0.33234408808170957
242.5259574788754 0.3051502087038103
