65.0 3.6499335957005425
0.0 0.35
3.7253918980035903 0.3325398568782041
1.279851193338601 0.3166481149971767
5.209846459237266 0.29714776159717804
2.983019931025529 0.2843988924240564
0.6511684745540407 0.3373687327243313
4.168953011182854 0.4169968239002612
1.2280566631617091 0.40681829697050387
4.5369551631252705 0.4497572940112343
1.3883924331949018 0.446399595276087
4.5554828012722695 0.4740566054919517
1.2966317346959855 0.472494800196608
4.290051643042553 0.5206471696919236
0.8538751392974078 0.5296497380255903
3.54274835339735 0.5718082319710978
6.158969273601905 0.5974708547570156
2.5289848874675585 0.5657494175413935
5.286073199761319 0.5114035743019211
1.8999881215457606 0.5072030179025953
4.943631127006647 0.46580624008510024
1.7110195507054868 0.4677315447011294
4.906497402771109 0.4401683962039053
1.7869879864066363 0.4444585339685744
5.139209143208042 0.3920982749230868
2.2950508009014357 0.40161945475620575
5.827781961438461 0.34069648487134374
3.492981943259572 0.2807378459047316
1.352577289274464 0.2666267169166787
5.712773201142554 0.2022298217670748
4.2394989831907495 0.17616268899318765
2.6462386992433267 0.20424344879588
0.8072189782164472 0.25961296530526357
4.845824271600073 0.3156180017747785
2.3647172469272846 0.338363117418003
6.154304895626538 0.318939492039374
3.82188931798067 0.2941343878035304
1.618886094766225 0.26560765688057625
6.075616836621663 0.18633740755598505
4.479767388067792 0.2207391045066261
2.5583220918481544 0.25174415039812764
0.41881561635212705 0.30673562632930956
4.125699328460335 0.3770059508834301
1.3998911184815768 0.36018549344574907
5.1001223974920435 0.3399494686954822
2.5438207969046758 0.3506171920814557
6.191817840206291 0.3550535077573803
3.661091058721425 0.3220416040159891
1.2750207429242195 0.30757423452541727
5.268956406137754 0.2830604490108278
3.172619600669975 0.2562877274880553
1.1003447329095835 0.27383592137175156
5.226804491766053 0.26968736482120914
3.2079256416523805 0.243956558258086
1.2417812310610188 0.24983918715757922
5.665312307113673 0.19691360026332436
4.2409128775037175 0.16827536634692875
2.701847309030775 0.19719158938503512
0.9212618336178622 0.246491143500839
5.133055762770525 0.2677595159842997
3.0800468892231763 0.2552990583033895
0.9794104404305415 0.2859949021687874
4.928399446863182 0.3208926445677542
2.434314882636251 0.3411532731558289
6.175707868270798 0.33234408808170957
3.764915806051121 0.3051502087038103
