65.0 3.697786721443318
0.0 0.35662488783383
3.69440010547139 0.3366128174035236
1.2198950824299724 0.32461913818651805
5.051161723456062 0.32576966831270243
2.565077058549706 0.33889963934076694
6.257965515621869 0.353796841266337
3.6969203957525494 0.33091192419837895
1.258706710227468 0.3166496700503368
5.174177361462359 0.30247058006043104
2.893043286537008 0.2966207186093937
0.4692052794555508 0.3556103828243504
3.929332196199951 0.41207862451020294
1.0295753140997874 0.4085508361473467
4.247212549317915 0.4765027440706161
1.0097763955659573 0.4773678061357827
3.904731586340837 0.538804411442378
0.39406024799591677 0.566715492300554
3.048165781501943 0.5606710323739892
5.7195155061713905 0.5483032894323189
2.262393983067639 0.5273074790294037
5.224854058787983 0.46364842103055304
2.0408839629834787 0.46508968613836654
5.317403449552025 0.39341288542803315
2.5229899910445113 0.3912022528059825
6.0007227995832295 0.36943091364357505
3.4732924314721387 0.3144382412485825
1.0965429374646902 0.3173959179421766
4.8967068171371295 0.34449268915794173
2.2588504024064306 0.36364433960676296
5.985547548556603 0.3123682902250403
3.773467771345551 0.2671349221969802
1.7469534860508062 0.23677737804740998
0.08093188143811858 0.18356392508865596
4.604731332023007 0.25483245426707646
2.4650632328438675 0.2841280075494445
0.18112309579557007 0.31518844543800606
3.9566346075904733 0.3457616469628374
1.428514477268699 0.32392514621887847
5.40136919334703 0.2744246060399164
3.429340283202592 0.22752263222102842
1.65970407085441 0.2012401507087407
0.23244499746871838 0.1604206898635574
4.865713294822996 0.2349001339132255
2.9278058660407353 0.24734665202117453
0.8334020766980501 0.2940687703528174
4.644663122890151 0.3620602012264708
1.902979911124099 0.370218068319682
5.707371162952221 0.2846187215993073
3.725963506358255 0.2258009820856558
1.9753143664736754 0.19760915433733986
0.41678246033309563 0.20421745759260432
4.727358281463367 0.28540344974485726
2.408962026744085 0.31197077697373043
0.015314661273578167 0.31710752116257596
3.8852300614033766 0.3173207510773652
1.5331855069248164 0.2914289984010282
5.793696591076362 0.21249906407921795
4.225746245629793 0.19087004207380293
2.5375483288643395 0.2157062935409236
0.6239522312617112 0.27425383926177865
4.495950057174838 0.3584736924738092
1.79113212193392 0.3586069474108889
5.662729686573449 0.2742219658158201
3.749339296256821 0.2157558755257454
2.060020376407543 0.1911441658039631
