65.0 3.6423652756825424 0.003
0.0 0.35597881128974557
3.6880926080001206 0.34205853913995615
7.416696751301729 0.3482474615314232
11.016880759787744 0.39287360705819246
14.343419034533712 0.4124209693340569
17.915815562858892 0.335711363759913
21.83409287185531 0.2916072527990274
25.788691199027156 0.3332882398367449
29.32898440220415 0.41118844891915446
32.77787399498626 0.3699193468347503
36.39959449000651 0.3629001493556954
39.91717966535311 0.39961035289964186
43.45715286367846 0.3378884020720161
47.37596511539592 0.29973748891786534
51.25590332345099 0.33852798041683846
54.83607163565835 0.40833078212988994
58.151152607645265 0.39859304089690306
61.74465344772339 0.34477250986308516
65.52948113040651 0.32524880508578946
69.30432964565878 0.35281276877816775
72.91671703924426 0.3613427937725736
76.58143356553812 0.35219016481052223
80.18939521883593 0.3860531747492221
83.53913985650641 0.41556673171912795
87.10193130100394 0.33321472123964707
91.05089839104367 0.2869608963586876
95.01524099282824 0.331914578813807
98.56582330547047 0.4160539213649297
101.95741278015532 0.3778474050712298
105.57383371275948 0.35709250221426364
109.16467186064477 0.382248859910399
112.72517410673409 0.34515120784407827
116.5835578977607 0.3107530493903924
120.41988053117299 0.34148030750535363
124.00678077180557 0.40379916144948674
127.31834678181076 0.40359533007912884
130.90552292647263 0.34161100243644493
134.7398503895834 0.31128954383018537
138.59513926010902 0.3454933747424844
142.15714026833484 0.3814153356274535
145.75112110964562 0.3568692422682217
149.36722639777608 0.37819595291945896
152.7567053660827 0.4161274602398477
156.30780711496928 0.3319218057470529
160.2719912799119 0.2868567562112571
164.22200348307214 0.33312497952189574
167.78432990488025 0.41566094846367335
171.13541575712304 0.3857328718224524
174.7437351766742 0.3523735636472022
178.40553611642812 0.3622079450485668
182.0151678223279 0.3525546689947559
185.79371807848355 0.32459017404597806
189.58080217027015 0.3446311260982733
193.17402989122488 0.39882009127265144
196.48881370034522 0.40814409858638634
200.0692877484768 0.33865194955923417
203.94745795758732 0.30015310644267756
207.8641625124407 0.33815554918943763
211.404511527013 0.39896723907243886
214.9252016090788 0.36262537611387397
218.54679352481597 0.3702459031062251
221.9929376575099 0.41153310677260097
225.53354222975892 0.33316372279786194
229.48909882204373 0.2913285713192463
233.40888847680696 0.3355941994465599
