65.0 3.697786721443318 0.003
0.0 0.35662488783383
3.69440010547139 0.3366128174035236
7.503080389609559 0.32461913818651805
11.334347030635648 0.32576966831270243
15.131447672908878 0.33889963934076694
18.82433612998104 0.353796841266337
22.546476317291308 0.33091192419837895
26.391447938945813 0.3166496700503368
30.306918590180704 0.30247058006043104
34.30896982243494 0.2966207186093937
38.16831712253307 0.3556103828243504
41.62844403927747 0.41207862451020294
45.01187246435689 0.4085508361473467
48.22950969957502 0.4765027440706161
51.27525885300265 0.4773678061357827
54.17021404377753 0.538804411442378
56.94272801261219 0.566715492300554
59.59683354611822 0.5606710323739892
62.26818327078767 0.5483032894323189
65.0942470548635 0.5273074790294037
68.05670713058385 0.46364842103055304
71.15592234195893 0.46508968613836654
74.43244182852747 0.39341288542803315
77.92121367719955 0.3912022528059825
81.39894648573826 0.36943091364357505
85.15470142480676 0.3144382412485825
89.0611372379789 0.3173959179421766
92.86130111765134 0.34449268915794173
96.50663001010022 0.36364433960676296
100.2333271562504 0.3123682902250403
104.30443268621893 0.2671349221969802
108.56110370810377 0.23677737804740998
113.17826741067067 0.18356392508865596
117.70206686125556 0.25483245426707646
121.845584069256 0.2841280075494445
125.8448292393873 0.31518844543800606
129.6203407511822 0.3457616469628374
133.37540592804 0.32392514621887847
137.34826064411834 0.2744246060399164
141.6594170411535 0.22752263222102842
146.1729661359849 0.2012401507087407
151.0288923697788 0.1604206898635574
155.66216066713307 0.2349001339132255
160.0074385455304 0.24734665202117453
164.1962200633673 0.2940687703528174
168.0074811095594 0.3620602012264708
171.54898320497293 0.370218068319682
175.35337445680105 0.2846187215993073
179.65515210738667 0.2258009820856558
184.18768827468168 0.19760915433733986
188.91234167572068 0.20421745759260432
193.22291749685095 0.28540344974485726
197.18770654931126 0.31197077697373043
201.07724449102034 0.31710752116257596
204.94715989115014 0.3173207510773652
208.87830064385116 0.2914289984010282
213.1388117280027 0.21249906407921795
217.85404668973572 0.19087004207380293
222.44903408014986 0.2157062935409236
226.81862328972682 0.27425383926177865
230.69062111563994 0.3584736924738092
234.2689884875786 0.3586069474108889
238.14058605221814 0.2742219658158201
242.5103809690811 0.2157558755257454
247.1042473564114 0.1911441658039631
