300 0.004
0.0 0.3559788112897455
0.02101399768287487 0.35592388067309155
0.04202799536574974 0.3557594350444657
0.06304199304862461 0.3554864408348079
0.08405599073149948 0.3551065458216873
0.10506998841437436 0.3546219979822438
0.12608398609724922 0.3540357526464655
0.1470979837801241 0.3533512489371565
0.16811198146299897 0.352572613481845
0.18912597914587384 0.35170440932607866
0.21013997682874871 0.350751778640395
0.23115397451162356 0.3497203838258062
0.25216797219449844 0.3486163548669378
0.2731819698773733 0.3474463414188904
0.2941959675602482 0.346217434951791
0.31520996524312306 0.34493718774780313
0.33622396292599793 0.3436135534577753
0.3572379606088728 0.34225486735475946
0.3782519582917477 0.34086983386040787
0.39926595597462256 0.33946741700208494
0.42027995365749743 0.3380568395628664
0.4412939513403723 0.3366474994950661
0.4623079490232471 0.3352489281901755
0.483321946706122 0.33387076850962283
0.5043359443889969 0.3325227010019517
0.5253499420718718 0.3312143622271395
0.5463639397547466 0.32995530956103225
0.5673779374376215 0.32875506456341824
0.5883919351204964 0.32762321135275296
0.6094059328033712 0.3265694711510732
0.6304199304862461 0.3256037212090649
0.6514339281691209 0.3247360197774347
0.6724479258519959 0.32397650777253983
0.6934619235348707 0.32333505713671906
0.7144759212177456 0.322820828296498
0.7354899189006204 0.3224423355742069
0.7565039165834954 0.3222077739992583
0.7775179142663702 0.3221251747547788
0.7985319119492451 0.3222025028246646
0.8195459096321199 0.32244766455379303
0.8405599073149949 0.3228678086884317
0.8615739049978697 0.32346847067989276
0.8825879026807446 0.3242530561656499
0.9036019003636194 0.3252219806381569
0.9246158980464942 0.32637149097763707
0.9456298957293692 0.3276922418022814
0.966643893412244 0.3291687632334782
0.9876578910951189 0.33077937848410516
1.0086718887779937 0.3324955688515247
1.0296858864608687 0.33428398552292393
1.0506998841437436 0.3361643976204871
1.0717138818266183 0.33814921915414475
1.0927278795094932 0.34022287959280345
1.1137418771923682 0.34244246529225836
1.134755874875243 0.3447150017633484
1.1557698725581178 0.347042860826829
1.1767838702409927 0.349285260014703
1.1977978679238677 0.3513857208924932
1.2188118656067424 0.35341028940551145
1.2398258632896173 0.3555051014680708
1.2608398609724922 0.35779295069028716
1.2818538586553672 0.3603230082740984
1.3028678563382419 0.3630947997411411
1.3238818540211168 0.3661031328151735
1.3448958517039917 0.3693363365209547
1.3659098493868667 0.3727550483651481
1.3869238470697414 0.37631574756956704
1.4079378447526163 0.3799860749530117
1.4289518424354912 0.38373374198259097
1.4499658401183662 0.3875158813274859
1.4709798378012409 0.39127842529400425
1.4919938354841158 0.39495748364456656
1.5130078331669907 0.3984924492025661
1.5340218308498654 0.40183920462046174
1.5550358285327404 0.4049930247928064
1.5760498262156153 0.40802547391898564
1.5970638238984902 0.4109243889725106
1.618077821581365 0.41371437296390406
1.6390918192642399 0.416407174317074
1.6601058169471148 0.41894267718232575
1.6811198146299897 0.42133417751673624
1.7021338123128644 0.4235539859544347
1.7231478099957394 0.42557436174284957
1.7441618076786143 0.4274008617301033
1.7651758053614892 0.4290406714857683
1.786189803044364 0.4304966879885957
1.8072038007272389 0.4317693647742101
1.8282177984101138 0.4328560701164973
1.8492317960929885 0.4337519350353782
1.8702457937758634 0.4344505939961632
1.8912597914587383 0.4349449830973045
1.9122737891416133 0.4352281180851351
1.933287786824488 0.43529345728251606
1.954301784507363 0.4351350973485982
1.9753157821902378 0.4347479885650274
1.9963297798731128 0.43412824083191454
2.0173437775559875 0.43327328381893504
2.0383577752388624 0.43218185552896754
2.0593717729217373 0.4308539362848012
2.0803857706046123 0.4292906936430818
2.101399768287487 0.4274943340957819
2.1224137659703617 0.4254678626996041
2.1434277636532366 0.4232149962891785
2.1644417613361115 0.42074032420834245
2.1854557590189865 0.41804946484926914
2.2064697567018614 0.41514909835520697
2.2274837543847363 0.4120469473167829
2.2484977520676113 0.40875175549464626
2.269511749750486 0.40527319060859535
2.2905257474333607 0.4016216234359738
2.3115397451162356 0.39780792544143934
2.3325537427991105 0.3938433528159769
2.3535677404819855 0.3897395102774464
2.3745817381648604 0.3855082506795872
2.3955957358477353 0.38116155214052094
2.4166097335306103 0.37671150583600715
2.4376237312134847 0.3721704562542642
2.4586377288963597 0.36755114611164497
2.4796517265792346 0.3628669070486259
2.5006657242621095 0.35813180083328194
2.5216797219449845 0.353360634332487
2.5426937196278594 0.34856850582362253
2.5637077173107343 0.34377059407211047
2.5847217149936093 0.33898246897495027
2.6057357126764837 0.3342204516593601
2.6267497103593587 0.3295014944002642
2.6477637080422336 0.32484298959986924
2.6687777057251085 0.3202614313781562
2.6897917034079835 0.3157706417906415
2.7108057010908584 0.3113826780237655
2.7318196987737333 0.30711030429269565
2.752833696456608 0.3029682736672398
2.7738476941394827 0.2989723475372363
2.7948616918223577 0.2951366729367232
2.8158756895052326 0.2914726124358044
2.8368896871881075 0.28798831085147103
2.8579036848709825 0.28469139117065495
2.8789176825538574 0.2815920504363428
2.8999316802367323 0.2787019607845934
2.920945677919607 0.27603103373227034
2.9419596756024817 0.2735845308588878
2.9629736732853567 0.2713658714515646
2.9839876709682316 0.2693791412589865
3.0050016686511065 0.2676291132929815
3.0260156663339814 0.266120725205699
3.0470296640168564 0.2648581550526679
3.068043661699731 0.26384450795716297
3.089057659382606 0.26308218679487877
3.1100716570654807 0.2625729738948882
3.1310856547483557 0.26231807400777263
3.1520996524312306 0.2623180738215796
3.1731136501141055 0.2625729716959308
3.1941276477969804 0.2630821842183172
3.2151416454798554 0.2638445107966911
3.23615564316273 0.2648581408582157
3.257169640845605 0.26612071393492
3.2781836385284797 0.2676291125862035
3.2991976362113546 0.26937914042948646
3.3202116338942296 0.2713658696564799
3.3412256315771045 0.2735845322338443
3.3622396292599794 0.2760310416149411
3.383253626942854 0.2787019927765927
3.404267624625729 0.28159202954765605
3.425281622308604 0.28469139168518787
3.4462956199914787 0.28798832934978963
3.4673096176743536 0.2914726060490797
3.4883236153572286 0.2951366641769386
3.5093376130401035 0.29897234923587407
3.5303516107229784 0.30296826807703986
3.551365608405853 0.307110301458755
3.572379606088728 0.31138268290995635
3.5933936037716028 0.3157706428462856
3.6144076014544777 0.3202614276366258
3.6354215991373526 0.324842974941833
3.6564355968202276 0.32950149036781096
3.6774495945031025 0.3342204491056729
3.698463592185977 0.33898246861204595
3.719477589868852 0.3437705996042613
3.740491587551727 0.348568516010433
3.7615055852346018 0.35336063272716345
3.7825195829174767 0.35813180082496465
3.8035335806003516 0.3628669054087226
3.8245475782832266 0.3675511467881927
3.8455615759661015 0.37217045586093234
3.866575573648976 0.37671150901334094
3.887589571331851 0.38116155252916223
3.908603569014726 0.3855082511215659
3.9296175666976008 0.3897395103376305
3.9506315643804757 0.3938433526811546
3.9716455620633506 0.3978079237290152
3.9926595597462256 0.40162162055470335
4.0136735574291 0.40527319133917344
4.034687555111975 0.40875175900116023
4.05570155279485 0.4120469493042983
4.076715550477725 0.4151490975077387
4.0977295481606 0.4180494586844261
4.118743545843475 0.42074032252044136
4.13975754352635 0.42321499637670673
4.1607715412092245 0.42546786437400647
4.1817855388920995 0.4274943366934459
4.202799536574974 0.4292906958648322
4.223813534257849 0.43085393738068933
4.244827531940723 0.4321818556147625
4.265841529623598 0.43327328014164024
4.286855527306473 0.43412823485524177
4.307869524989348 0.4347479886583183
4.328883522672223 0.43513509675731543
4.349897520355098 0.43529345822659943
4.370911518037973 0.4352281198628011
4.391925515720848 0.4349449851406314
4.412939513403723 0.43445058711355544
4.433953511086598 0.43375192539624785
4.454967508769473 0.4328560526337326
4.475981506452348 0.43176934107099374
4.4969955041352225 0.4304966934855147
4.5180095018180975 0.4290406866750707
4.539023499500972 0.42740088233840917
4.560037497183846 0.42557437235971807
4.581051494866721 0.4235539656179745
4.602065492549596 0.421334068538031
4.623079490232471 0.4189426057386032
4.644093487915346 0.4164072169603319
4.665107485598221 0.4137137436052248
4.686121483281096 0.41092478767972085
4.707135480963971 0.408025803790384
4.728149478646846 0.40499339634045667
4.749163476329721 0.40183950828726867
4.770177474012596 0.3984924692262605
4.791191471695471 0.3949574197393991
4.812205469378346 0.3912783534869994
4.8332194670612205 0.38751590688517995
4.8542334647440954 0.3837337376821198
4.8752474624269695 0.379986114418446
4.896261460109844 0.3763157001817475
4.917275457792719 0.37275504476657983
4.938289455475594 0.3693364304930532
4.959303453158469 0.36610320545681146
4.980317450841344 0.3630948249692588
5.001331448524219 0.3603230516274099
5.022345446207094 0.35779300014663323
5.043359443889969 0.35550508235290124
5.064373441572844 0.353410431977049
5.085387439255719 0.35138570850946466
5.106401436938594 0.34928497673852726
5.127415434621469 0.34704267497781005
5.148429432304344 0.34471531521379956
5.1694434299872185 0.3424423582687798
5.1904574276700925 0.3402227141595423
5.2114714253529675 0.3381496895977979
5.232485423035842 0.3361640260174094
5.253499420718717 0.33428469152967455
5.274513418401592 0.3324953688063253
5.295527416084467 0.33077925533503766
5.316541413767342 0.3291687340614651
5.337555411450217 0.32769223325188934
5.358569409133092 0.32637144994514466
5.379583406815967 0.32522204324232873
5.400597404498842 0.3242531126508396
5.421611402181717 0.323468469431495
5.442625399864592 0.3228677872723558
5.463639397547467 0.32244764790694996
5.484653395230342 0.3222025050530749
5.505667392913216 0.3221251740086417
5.5266813905960905 0.3222077742398587
5.5476953882789655 0.3224423356528399
5.56870938596184 0.3228208281372869
5.589723383644715 0.32333506035634085
5.61073738132759 0.3239765075138925
5.631751379010465 0.32473601777347594
5.65276537669334 0.32560372103982693
5.673779374376215 0.3265694709405673
5.69479337205909 0.32762321214409484
5.715807369741965 0.3287550646864202
5.73682136742484 0.3299553094010581
5.757835365107715 0.33121436297600565
5.77884936279059 0.3325227005740124
5.799863360473465 0.33387076835280266
5.820877358156339 0.3352489278796157
5.841891355839214 0.3366474983417322
5.8629053535220885 0.3380568413337537
5.8839193512049635 0.33946741778297207
5.904933348887838 0.34086983292446177
5.925947346570713 0.34225487114609143
5.946961344253588 0.34361354843667685
5.967975341936463 0.344937187563335
5.988989339619338 0.34621743806215743
6.010003337302213 0.3474463388397514
6.031017334985088 0.3486163567302609
6.052031332667963 0.34972037598431294
6.073045330350838 0.35075178592074596
6.094059328033713 0.3517044107628288
6.115073325716588 0.3525726015514486
6.136087323399462 0.35335126222215085
6.157101321082337 0.3540357386875745
6.178115318765212 0.354622013913286
6.1991293164480865 0.3551065415843198
6.220143314130961 0.35548644393948875
6.241157311813836 0.35575943323542725
6.262171309496711 0.35592388575664385
6.283185307179586 0.3559788112897456
